							Integrated Y1	Integrated Y 2	Integrated Y 3
	20120613_Lumatec2_Filter0_5cm_geringe_Leitstung_0.7W.txt	20120613_Lumatec2_Filter3_5cm_geringe_Leistung_0.36W.txt	20120623_Lumatec2_Filter1_5cm_geringeLeistung_0.39W.txt		Lumatec 2 Filter 3 skaliert		20120613_Lumatec2_Filter0_5cm_geringe_Leitstung_0.7W.txt	20120613_Lumatec2_Filter3_5cm_geringe_Leistung_0.36W.txt	20120623_Lumatec2_Filter1_5cm_geringeLeistung_0.39W.txt
249,37	0	0	0		0		0	0	0
250,16	0	0	0		0		0	0	0
250,96	0	0	0		0		0	0	0
251,76	3,2079	3,1717	3,6058		1,58585		1,28315999999997	1,26867999999997	1,44231999999997
252,56	3,0991	2,968	3,5401		1,484		3,80596000000001	3,72456000000001	4,30068000000001
253,36	3,0643	3,0482	3,626		1,5241		6,27132000000004	6,13104000000004	7,16712000000005
254,16	3,0449	3,0715	3,6113		1,53575		8,71499999999999	8,57891999999999	10,06204
254,95	3,0178	3,0505	3,5925		1,52525		11,1097665	10,99711	12,907541
255,75	3,0283	3,0586	3,599		1,5293		13,5282065	13,44075	15,784141
256,55	2,9935	3,0506	3,5837		1,5253		15,9369265	15,88443	18,657221
257,35	3,0029	3,0822	3,6086		1,5411		18,3354865000001	18,3375500000001	21,5341410000001
258,15	2,9735	3,1026	3,593		1,5513		20,7260464999999	20,8114699999999	24,4147809999999
258,94	2,989	3,1418	3,6389		1,5709		23,081234	23,278008	27,2713815
259,74	2,9999	3,1865	3,6573		1,59325		25,476794	25,809328	30,1898615
260,54	3,0062	3,2256	3,6827		1,6128		27,8792340000001	28,3741680000001	33,1258615000001
261,34	3,0039	3,252	3,6787		1,626		30,2832739999999	30,9652079999999	36,0704214999999
262,13	3,0181	3,294	3,7039		1,647		32,661964	33,550878	38,9865485
262,93	3,0277	3,3134	3,7319		1,6567		35,080284	36,193838	41,9608685
263,73	3,0493	3,3892	3,7712		1,6946		37,5110840000001	38,8748780000001	44,9621085000001
264,52	3,0501	3,4593	3,8001		1,72965		39,9203469999999	41,5800354999999	47,9527719999999
265,32	3,0821	3,5316	3,8725		1,7658		42,373227	44,3763955	51,021812
266,12	3,0719	3,5861	3,892		1,79305		44,834827	47,2234755	54,127612
266,92	3,0968	3,6386	3,9317		1,8193		47,302307	50,1133555000001	57,2570920000001
267,71	3,0959	3,6824	3,9353		1,8412		49,7484234999999	53,0051504999999	60,3645569999999
268,51	3,1021	3,7451	3,9628		1,87255		52,2276235	55,9761505	63,523797
269,31	3,1186	3,8066	4,0031		1,9033		54,7159035	58,9968305	66,710157
270,1	3,1206	3,8802	4,0542		1,9401		57,1803875000001	62,0331165000001	69,8927905000001
270,9	3,1212	3,9374	4,1		1,9687		59,6771074999999	65,1601564999999	73,1544704999999
271,7	3,118	4,0239	4,144		2,01195		62,1727875	68,3446765	76,4520704999999
272,49	3,1017	4,0757	4,1605		2,03785		64,629569	71,5440185000001	79,732348
273,29	3,1016	4,1242	4,1956		2,0621		67,1108890000001	74,8239785000001	83,0747880000001
274,08	3,0841	4,1841	4,188		2,09205		69,5542405	78,1057569999999	86,3863099999999
274,88	3,0835	4,2506	4,2115		2,1253		72,0212805	81,479637	89,74611
275,68	3,0613	4,3112	4,2229		2,1556		74,4792005	84,904357	93,11987
276,47	3,0353	4,3844	4,2462		2,1922		76,8873575000001	88,3391190000001	96,4651645000001
277,27	3,0129	4,4396	4,2542		2,2198		79,3066375	91,8687189999999	99,8653244999999
278,06	2,9745	4,4975	4,2418		2,24875		81,6716605	95,3988735	103,2212445
278,86	2,9479	4,5418	4,2295		2,2709		84,0406205	99,0145935000001	106,6097645
279,66	2,9189	4,6115	4,2425		2,30575		86,3873405000001	102,6759135	109,9985645
280,45	2,8738	4,6622	4,2264		2,3311		88,675457	106,339025	113,34378
281,25	2,8384	4,725	4,229		2,3625		90,960337	110,093905	116,72594
282,04	2,8176	4,8384	4,2488		2,4192		93,1944570000001	113,871448	120,074671
282,84	2,8024	4,9311	4,2749		2,46555		95,4424569999999	117,779248	123,484151
283,63	2,755	5,0265	4,2745		2,51325		97,63763	121,7125	126,861164
284,43	2,7132	5,1364	4,2923		2,5682		99,82491	125,77766	130,287884
285,22	2,6835	5,2585	4,3118		2,62925		101,9566065	129,8836455	133,6865035
286,02	2,6355	5,3952	4,3448		2,6976		104,0842065	134,1451255	137,1491435
286,81	2,6161	5,5468	4,3966		2,7734		106,1585885	138,4672155	140,6019965
287,61	2,5885	5,7332	4,4593		2,8666		108,2404285	142,9792155	144,1443565
288,4	2,5608	5,9302	4,4986		2,9651		110,274402	147,5862585	147,682727
289,2	2,5481	6,1453	4,5723		3,07265		112,317962	152,4164585	151,311087
289,99	2,5356	6,3804	4,6585		3,1902		114,3260235	157,36411	154,957253
290,79	2,5131	6,604	4,7448		3,302		116,3455035	162,55787	158,718573
291,58	2,4726	6,8431	4,8234		3,42155		118,314855	167,8694745	162,498012
292,38	2,4518	7,1181	4,9407		3,55905		120,284615	173,4539545	166,403652
293,17	2,4252	7,4105	5,0394		3,70525		122,21103	179,1927515	170,3457915
293,97	2,417	7,7226	5,1696		3,8613		124,14791	185,2459915	174,4293915
294,76	2,4111	8,0402	5,2953		4,0201		126,0550095	191,4722975	178,563027
295,55	2,3937	8,3839	5,4269		4,19195		127,9529055	197,959817	182,798296
296,35	2,3734	8,7467	5,5573		4,37335		129,8597455	204,812057	187,191976
297,14	2,3606	9,1349	5,7267		4,56745		131,7296755	211,875289	191,649156
297,94	2,3401	9,5507	5,8912		4,77535		133,6099555	219,349529	196,296316
298,73	2,326	9,9889	6,0637		4,99445		135,453065	227,067671	201,0185015
299,52	2,3091	10,455	6,2467		5,2275		137,2839295	235,1430115	205,8811095
300,32	2,2975	10,966	6,4533		5,483		139,1265695	243,7114115	210,9611095
301,11	2,2983	11,486	6,6827		5,743		140,9419105	252,5799515	216,1498295
301,9	2,3063	12,059	6,941		6,0295		142,7607275	261,8802265	221,531191
302,7	2,3045	12,636	7,1847		6,318		144,6050475	271,7582265	227,181471
303,49	2,2862	13,275	7,4587		6,6375		146,418374	281,9930715	232,965614
304,28	2,2865	13,96	7,7516		6,98		148,2245905	292,7508965	238,9736825
305,08	2,2941	14,69	8,0711		7,345		150,0568305	304,2108965	245,3027625
305,87	2,2855	15,453	8,396		7,7265		151,8657725	316,1173815	251,807267
306,66	2,3045	16,258	8,7685		8,129		153,6788225	328,6432265	258,5872445
307,46	2,3075	17,122	9,1591		8,561		155,5236225	341,9952265	265,7582845
308,25	2,3188	18,034	9,5908		9,017		157,351011	355,8818465	273,164495
309,04	2,3307	18,963	10,032		9,4815		159,1875635	370,4956615	280,915501
309,84	2,3314	19,92	10,476		9,96		161,0524035	386,0488615	289,118701
310,63	2,3331	20,878	10,925		10,439		162,894881	402,1640715	297,572096
311,42	2,3385	21,91	11,402		10,955		164,740163	419,0653315	306,391261
312,21	2,3572	22,954	11,889		11,477		166,5949645	436,7866115	315,591206
313,01	2,3737	24,017	12,418		12,0085		168,4873245	455,5750115	325,314006
313,8	2,3777	25,126	12,921		12,563		170,3641275	474,9864965	335,322911
314,59	2,4032	26,311	13,455		13,1555		172,252583	495,304111499999	345,741431
315,38	2,3982	27,613	13,974		13,8065		174,149136	516,6040915	356,575886
316,17	2,3934	29,072	14,513		14,536		176,041818	538,994666500001	367,828251
316,97	2,3802	30,843	15,053		15,4215		177,951258	562,960666500001	379,654651
317,76	2,381	33,215	15,651		16,6075		179,831932	588,2635765	391,782731
318,55	2,3845	36,487	16,311		18,2435		181,7143045	615,7958665	404,407721
319,34	2,3807	41,006	17,029		20,503		183,5965585	646,405601499999	417,577020999999
320,13	2,3607	47,279	17,828		23,6395		185,4694115	681,2781765	431,345536
320,93	2,3266	55,68	18,782		27,84		187,3443315	722,461776500001	445,989536
321,72	2,2914	66,557	19,985		33,2785		189,1684415	770,745391500002	461,302501000001
322,51	2,3018	79,787	21,784		39,8935		190,9827555	828,551271499999	477,801256
323,3	2,2946	94,938	24,483		47,469		192,7983335	897,567646500001	496,076721
324,09	2,3007	111,49	28,452		55,745		194,613477	979,106706499997	516,986045999999
324,88	2,3132	129,19	34,14		64,595		196,4359675	1074,1753065	541,709886
325,67	2,318	147,84	41,816		73,92		198,2652915	1183,6021565	571,712506000001
326,47	2,3137	167,73	51,312		83,865		200,1179715	1309,8301565	608,963706000001
327,26	2,3186	188,98	62,274		94,49		201,94773	1450,7306065	653,830175999999
328,05	2,3221	211,9	74,51		105,95		203,7808065	1609,0782065	707,859856
328,84	2,3369	236,76	88,145		118,38		205,6211115	1786,29890649999	772,108580999997
329,63	2,3747	264,44	103,74		132,22		207,4821935	1984,2729065	847,903155999999
330,42	2,4182	294,17	121,21		147,085		209,375389	2204,9238565	936,758406000002
331,21	2,4055	321,08	138,25		160,54		211,2807505	2447,94760649999	1039,245106
332	2,4066	342,69	153,14		171,345		213,18153	2710,1367565	1154,344156
332,79	2,404	361,23	166,34		180,615		215,081717	2988,18515650001	1280,538756
333,58	2,4089	378,3	178,02		189,15		216,9828125	3280,29950649999	1416,560956
334,37	2,4162	394,69	188,23		197,345		218,888727	3585,6305565	1561,229706
335,16	2,4298	410,35	197,16		205,175		220,802897	3903,62135650001	1713,458756
335,95	2,4398	424,76	204,98		212,38		222,726389	4233,4898065	1872,304056
336,74	2,4685	437,33	211,81		218,665		224,6651675	4574,0153565	2036,936106
337,53	2,4679	447,92	217,81		223,96		226,6150455	4923,68910649999	2206,63600599999
338,32	2,4883	456,01	222,85		228,005		228,5727445	5280,7414565	2380,696706
339,11	2,4816	462,4	227,04		231,2		230,535855	5643,51340650001	2558,403256
339,9	2,5162	471,4	232,12		235,7		232,509986	6012,36440649999	2739,77145599999
340,69	2,5457	485,23	239,04		242,615		234,5094365	6390,2332565	2925,879656
341,48	2,5763	502,22	246,84		251,11		236,5326265	6780,27600650001	3117,802256
342,27	2,6114	521,33	255,09		260,665		238,581768	7184,57825649999	3316,06460599999
343,06	2,6548	541,63	263,25		270,815		240,661917	7604,4474565	3520,808906
343,85	2,684	562,64	271,36		281,32		242,770743	8040,63410650001	3731,97985600001
344,64	2,7268	584,05	279,45		292,025		244,908009	8493,57665649999	3949,549806
345,43	2,7546	605,04	287,37		302,52		247,073162	8963,2672065	4173,443706
346,22	2,8153	625,22	295,12		312,61		249,2732725	9449,21990650002	4403,52725600001
347,01	2,8548	644,1	302,33		322,05		251,512962	9950,60130649999	4639,520006
347,8	2,9205	661,96	309,24		330,98		253,7942055	10466,4950065	4881,090156
348,59	2,9725	678,98	316,05		339,49		256,1219405	10996,1663065	5128,07970599999
349,37	3,0257	695,75	323,26		347,875		258,4612385	11532,3110065	5377,410606
350,16	3,0856	712,52	331,07		356,26		260,875202	12088,5776565	5635,87095600001
350,95	3,148	727,84	338,54		363,92		263,337474	12657,5198565	5900,36690599999
351,74	3,2028	742,76	346,39		371,38		265,84604	13238,4068565	6170,914256
352,53	3,2924	757,97	354,88		378,985		268,411644	13831,1952065	6447,91590599999
353,32	3,3586	773,86	364,16		386,93		271,038789	14436,2680565	6731,936706
354,11	3,4473	791,45	374,54		395,725		273,7271195	15054,5655065	7023,723206
354,89	3,536	811,23	386,27		405,615		276,4506065	15679,6107065	7320,43910599999
355,68	3,6329	834,71	400,09		417,355		279,282322	16329,7570065	7631,051306
356,47	3,7311	864,03	417,32		432,015		282,191102	17000,7593065	7953,92825600001
357,26	3,8398	902,88	439,96		451,44		285,1816075	17698,6887565	8292,55385599999
358,05	3,956	956,32	470,31		478,16		288,2609485	18433,0727565	8652,110506
358,83	4,0841	1030,8	511,17		515,4		291,3965875	19208,0495565	9034,88770599999
359,62	4,2174	1132,7	564,38		566,35		294,67568	20062,6320565	9459,729956
360,41	4,3857	1253,6	622,91		626,8		298,0739045	21005,2205565	9928,70950600001
361,2	4,5494	1376,4	679,16		688,2		301,603269	22044,0705565	10443,027156
361,99	4,751	1507,9	740,83		753,95		305,276927	23183,3690565	11003,923206
362,77	4,9688	1655	813,1		827,5		309,067649	24416,9000565	11609,955906
363,56	5,2234	1809	891,04		904,5		313,093568	25785,1800565	12283,091206
364,35	5,5199	1959,3	968,62		979,65		317,3371715	27273,6585565	13017,656906
365,14	5,8619	2096,9	1040,2		1048,45		321,8329825	28875,8575565	13811,140806
365,92	6,252	2216,2	1102		1108,1		326,5574035	30557,9665565	14646,598806
366,71	6,7051	2310,3	1150,6		1155,15		331,675458	32345,9340564999	15536,375806
367,5	7,1965	2370,9	1182,5		1185,45		337,16659	34195,0080565	16457,950306
368,28	7,73	2393,2	1196,9		1196,6		342,987925	36053,0070564999	17385,916306
369,07	8,3037	2385,7	1200,6		1192,85		349,3212365	37940,6725565	18332,928806
369,86	8,9387	2365	1201		1182,5		356,1319845	39817,1990565	19281,560806
370,64	9,6289	2324,5	1190,4		1162,25		363,3733485	41646,1040565	20214,206806
371,43	10,38	2258	1164,5		1129		371,276864	43456,1915565	21144,392306
372,22	11,193	2173,6	1127,7		1086,8		379,798199	45206,6735565001	22049,811306
373	12,059	2079,4	1084,9		1039,7		388,866479	46865,3435565	22912,725306
373,79	12,966	1980	1039,6		990		398,751354	48468,8065565	23751,902806
374,58	13,909	1877	993,88		938,5		409,366979	49992,3215565	24555,127406
375,36	14,885	1771,5	949,1		885,75		420,596639	51415,2365565	25312,889606
376,15	15,942	1663,8	906,93		831,9		432,773304	52772,1800565	26046,021456
376,94	17,093	1552,4	868,85		776,2		445,822129	54042,5790565	26747,454556
377,72	18,341	1433,2	835,37		716,6		459,641389	55206,9630565	27412,100356
378,51	19,636	1302,9	805,45		651,45		474,642304	56287,7225565	28060,224256
379,29	21,016	1163,7	779,19		581,85		490,496584	57249,6965565	28678,233856
380,08	22,489	1020,4	756,63		510,2		507,681059	58112,4160565	29284,882756
380,87	24,025	877,47	737,35		438,735		526,054089	58862,0747065	29875,004856
381,65	25,649	739,15	721,25		369,575		545,426948999999	59492,5565065	30443,858856
382,44	27,355	607,7	707,77		303,85		566,363529	60024,5622565	31008,321756
383,22	29,159	483,91	695,61		241,955		588,403989000001	60450,2901565	31555,639956
384,01	31,118	370,08	684,95		185,04		612,213404	60787,6162065	32100,961156
384,79	33,254	269,94	675,85		134,97		637,318484	61037,2240065	32631,673156
385,58	35,743	186,02	667,86		93,01		664,572298999999	61217,3282065	33162,438606
386,36	38,708	120,55	659,93		60,275		693,608189	61336,8905065	33680,276706
387,15	42,406	74,166	651,74		37,083		725,648218999999	61413,8033265	34198,386356
387,93	47,08	44,945	643,03		22,4725		760,547759	61460,2566165	34703,346656
388,72	52,951	28,093	633,25		14,0465		800,060004000001	61489,1066265	35207,477256
389,5	60,248	18,771	624,22		9,3855		844,207614	61507,3835865	35697,890556
390,29	68,952	13,6	617,6		6,8		895,241614000001	61520,1701315	36188,409456
391,07	78,797	10,612	613,13		5,306		952,863723999999	61529,6128115	36668,394156
391,86	89,596	8,7692	610,91		4,3846		1019,378959	61537,2683855	37151,889956
392,64	101,31	7,5486	610,05		3,7743		1093,832299	61543,6323275	37628,064356
393,43	113,98	6,6494	609,3		3,3247		1178,871849	61549,2405375	38109,707606
394,21	127,92	5,9613	608,28		2,98065		1273,212849	61554,1587105	38584,563806
395	144,08	5,4005	608,86		2,70025		1380,652849	61558,6466215	39065,334106
395,78	163,95	4,9445	613,61		2,47225		1500,784549	61562,6811715	39542,097406
396,56	188,91	4,5717	623,2		2,28585		1638,399949	61566,3924895	40024,453306
397,35	220,86	4,2525	638,19		2,12625		1800,259099	61569,8780485	40522,702356
398,13	263,46	3,9788	660,69		1,9894		1989,143899	61573,0882555	41029,265556
398,92	324,1	3,728	696,53		1,864		2221,230099	61576,1324415	41565,367456
399,7	414,61	3,5162	756,83		1,7581		2509,32699899999	61578,9576795	42132,177856
400,48	539,75	3,3426	843,52		1,6713		2881,52739900001	61581,6326115	42756,314356
401,27	689,32	3,154	950,1		1,577		3367,01004899999	61584,1987685	43464,794256
402,05	841,94	2,9773	1059,5		1,48865		3964,20144900001	61586,5899755	44248,538256
402,84	981,07	2,8125	1157,5		1,40625		4684,29039899998	61588,8769465	45124,253256
403,62	1099,6	2,668	1238		1,334		5495,75169900001	61591,0143415	46058,498256
404,4	1198,2	2,5481	1302,3		1,27405		6391,89369899998	61593,0486205	47049,215256
405,19	1276,6	2,4318	1350,2		1,2159		7369,439699	61595,015681	48096,952756
405,97	1336,2	2,3298	1383,6		1,1649		8388,43169900004	61596,872705	49163,134756
406,75	1378,8	2,2313	1404,3		1,11565		9447,281699	61598,651534	50250,415756
407,54	1399,3	2,1485	1407,6		1,07425		10544,631199	61600,381555	51361,116256
408,32	1387,9	2,0472	1384		1,0236		11631,639199	61602,017878	52449,840256
409,1	1339,3	1,9363	1329,5		0,96815		12695,247199	61603,571443	53508,105256
409,88	1261,3	1,8514	1251		0,9257		13709,481199	61605,048646	54514,500256
410,67	1174,5	1,7934	1165,7		0,8967		14671,622199	61606,488342	55469,096756
411,45	1093,6	1,7338	1086,1		0,8669		15556,181199	61607,86395	56347,298756
412,23	1024,7	1,6763	1018,2		0,83815		16382,318199	61609,193889	57167,975756
413,02	969,44	1,6258	963,39		0,8129		17170,003499	61610,4982185	57950,703806
413,8	926,65	1,5819	920,99		0,79095		17909,478599	61611,7492215	58685,612006
414,58	893,46	1,537	888,24		0,7685		18619,321499	61612,9655925	59391,211706
415,36	866,2	1,4991	861,47		0,74955		19305,588899	61614,1496715	60073,598606
416,15	843,54	1,4548	839,51		0,7274		19980,936199	61615,316462	60745,485706
416,93	824,57	1,421	821,38		0,7105		20631,499099	61616,438024	61393,232806
417,71	809,64	1,3868	807,2		0,6934		21268,840999	61617,533066	62028,379006
418,49	800,5	1,3562	798,72		0,6781		21896,795599	61618,602836	62654,687806
419,27	797,07	1,3253	795,82		0,66265		22519,847899	61619,648621	63276,558406
420,06	798,45	1,3004	797,73		0,6502		23150,078299	61620,6857725	63906,010656
420,84	803,65	1,2776	803,5		0,6388		23774,897299	61621,6911925	64530,490356
421,62	811,28	1,2493	811,8		0,62465		24404,719999	61622,6766835	65160,457356
422,4	821,08	1,2193	822,52		0,60965		25041,340399	61623,6394375	65797,842156
423,18	832,54	1,1952	835,06		0,5976		25686,252199	61624,5810925	66444,298356
423,96	846,42	1,1733	850,32		0,58665		26341,046599	61625,5048075	67101,596556
424,75	862,9	1,1579	868,21		0,57895		27016,227999	61626,4256315	67780,415906
425,53	883,62	1,1364	890,31		0,5682		27697,370799	61627,3204085	68466,238706
426,31	908,04	1,115	916,1		0,5575		28396,118199	61628,1984545	69170,738606
427,09	934,98	1,0972	944,19		0,5486		29114,895999	61629,0612125	69896,251706
427,87	961,42	1,0737	971,7		0,53685		29854,491999	61629,9078635	70643,448806
428,65	987,51	1,0465	998,46		0,52325		30614,574699	61630,7347415	71411,811206
429,43	1016,2	1,0337	1027,3		0,51685		31396,021599	61631,5460195	72201,857606
430,21	1054,2	1,0459	1064,4		0,52295		32203,477599	61632,3570635	73017,620606
430,99	1111,2	1,1289	1117,4		0,56445		33047,983599	61633,2052355	73868,522606
431,77	1165,4	1,2575	1170,6		0,62875		33935,857599	61634,1359315	74760,842606
432,56	1215,6	1,3001	1219,7		0,65005		34876,352599	61635,1461835	75705,011106
433,34	1261,6	1,2829	1264,4		0,64145		35842,460599	61636,1535535	76673,810106
434,12	1301,6	1,2601	1303,2		0,63005		36842,108599	61637,1453235	77675,174106
434,9	1335,8	1,2393	1336,2		0,61965		37870,694599	61638,1200895	78704,540106
435,68	1365,8	1,2165	1365,1		0,60825		38924,318599	61639,0778515	79758,047106
436,46	1393,3	1,1986	1391,6		0,5993		40000,367599	61640,0197405	80833,160106
437,24	1418,8	1,1834	1416,2		0,5917		41097,086599	61640,9487205	81928,202106
438,02	1439,1	1,1568	1434		0,5784		42211,667599	61641,8613985	83039,780106
438,8	1433,5	1,1091	1428,3		0,55455		43331,981599	61642,7450995	84156,077106
439,58	1399,9	1,0038	1397,4		0,5019		44437,007599	61643,5691305	85258,100106
440,36	1360,4	0,85383	1357,9		0,426915		45513,524599	61644,2936062	86332,667106
441,14	1317,1	0,78248	1314,6		0,39124		46557,749599	61644,9317671	87374,942106
441,92	1270,3	0,76397	1268		0,381985		47566,835599	61645,5348826	88382,156106
442,7	1221,4	0,75029	1219,3		0,375145		48538,598599	61646,125444	89352,203106
443,48	1170,5	0,73773	1168,7		0,368865		49471,439599	61646,7057718	90283,523106
444,26	1116,9	0,72753	1115,6		0,363765		50363,525599	61647,2772232	91174,400106
445,03	1061,2	0,71778	1060,7		0,35889		51202,094099	61647,83366755	92012,275606
445,81	1003,1	0,70746	1003,4		0,35373		52007,171099	61648,38951115	92817,274606
446,59	943,5	0,69648	946,6		0,34824		52766,345099	61648,93704775	93577,774606
447,37	896,27	0,69014	900,91		0,34507		53483,855399	61649,47782955	94298,303506
448,15	854,96	0,67832	860,95		0,33916		54166,835099	61650,01152895	94985,428906
448,93	817,78	0,66961	825,19		0,334805		54819,203699	61650,53722165	95643,023506
449,71	783,45	0,65595	792,29		0,327975		55443,683399	61651,05419005	96273,840706
450,49	751,94	0,64187	762,09		0,320935		56042,485499	61651,56033985	96880,048906
451,27	722,77	0,63721	734,19		0,318605		56617,622399	61652,05918105	97463,598106
452,05	696,6	0,62708	709,02		0,31354		57171,176699	61652,55225415	98026,450006
452,82	673,28	0,61865	686,58		0,309325		57698,580499	61653,0318602	98563,756006
453,6	652,95	0,60922	666,85		0,30461		58215,810199	61653,5107295	99091,593706
454,38	635,16	0,60166	649,33		0,30083		58718,173099	61653,9829727	99604,903906
455,16	618,88	0,59479	633,12		0,297395		59207,248699	61654,4495882	100105,059406
455,94	603,37	0,58517	617,45		0,292585		59683,926199	61654,9097726	100592,781706
456,72	588,89	0,57791	602,48		0,288955		60148,907599	61655,3633738	101068,554406
457,49	575,41	0,57075	588,27		0,285375		60597,163099	61655,8056079	101526,993156
458,27	562,82	0,56528	574,75		0,28264		61041,072799	61656,2486596	101980,570956
459,05	550,73	0,56496	561,54		0,28248		61475,357299	61656,6894532	102423,724056
459,83	538,95	0,55372	548,59		0,27686		61900,332499	61657,1257384	102856,674756
460,61	527,42	0,54882	535,81		0,27441		62316,216799	61657,555729	103279,590756
461,38	516,09	0,54194	523,15		0,27097		62717,968149	61657,9756716	103687,290356
462,16	505,46	0,5358	511,13		0,2679		63116,372649	61658,3959902	104090,659556
462,94	495,67	0,52982	500,01		0,26491		63506,813349	61658,811582	104485,004156
463,72	487,89	0,52592	490,89		0,26296		63890,401749	61659,2233206	104871,455156
464,49	482,5	0,52246	484,25		0,26123		64264,001899	61659,6269469	105246,884056
465,27	479,37	0,51594	479,95		0,25797		64639,131199	61660,0319229	105622,922056
466,05	478,09	0,51023	477,56		0,255115		65012,540599	61660,4321292	105996,350956
466,83	478,44	0,50509	477,01		0,252545		65385,587299	61660,828104	106368,633256
467,6	480,3	0,49711	478,08		0,248555		65754,702199	61661,213951	106736,342906
468,38	483,42	0,4939	480,5		0,24695		66130,552999	61661,6004449	107110,189106
469,16	487,08	0,48726	483,66		0,24363		66509,047999	61661,9830973	107486,211506
469,93	491,02	0,48224	487,24		0,24112		66885,616499	61662,3563548	107860,008006
470,71	494,25	0,47519	490,25		0,237595		67269,871799	61662,7297525	108241,229106
471,49	496,62	0,46792	492,55		0,23396		67656,311099	61663,0975654	108624,521106
472,26	497,28	0,45983	493,41		0,229915		68038,962599	61663,45474915	109004,115706
473,04	496,39	0,45352	492,71		0,22676		68426,493899	61663,81095565	109388,702506
473,82	494,14	0,44794	490,71		0,22397		68812,800599	61664,16252505	109772,236306
474,59	490,84	0,44182	487,84		0,22091		69192,017899	61664,50508265	110148,978056
475,37	486,79	0,43707	484,06		0,218535		69573,293599	61664,84784975	110528,019056
476,15	481,71	0,43271	479,36		0,216355		69951,008599	61665,18706395	110903,752856
476,92	476,28	0,42762	474,23		0,21381		70319,834749	61665,518291	111270,885006
477,7	470,89	0,42902	468,98		0,21451		70689,231049	61665,8523806	111638,736906
478,48	465,96	0,4289	463,93		0,21445		71054,602549	61666,1869694	112002,571806
479,25	462,44	0,43718	459,74		0,21859		71412,036549	61666,5204102	112358,184756
480,03	460,91	0,44802	456,61		0,22401		71772,143049	61666,8656382	112715,561256
480,8	461,81	0,46276	454,38		0,23138		72127,390249	61667,2162885	113066,292406
481,58	465,01	0,48396	452,51		0,24198		72488,850049	61667,5855093	113419,979506
482,35	469,74	0,51264	449,62		0,25632		72848,728799	61667,9692003	113767,299556
483,13	474,7	0,53641	443,92		0,268205		73217,060399	61668,3783298	114115,780156
483,91	479,55	0,55765	434,95		0,278825		73589,217899	61668,8050132	114458,539456
484,68	483,91	0,57619	422,36		0,288095		73960,149999	61669,2415416	114788,603806
485,46	486,95	0,59987	405,68		0,299935		74338,785399	61669,700205	115111,539406
486,23	488,42	0,61553	385,2		0,307765		74714,302849	61670,168134	115416,028206
487,01	488,12	0,62885	361,33		0,314425		75095,153449	61670,6534422	115707,174906
487,78	485,36	0,63285	334,37		0,316425		75469,943249	61671,1391967	115975,019406
488,56	479,38	0,63297	304,68		0,316485		75846,191849	61671,6328665	116224,248906
489,33	470,24	0,63063	273,08		0,315315		76211,795549	61672,1193525	116446,686506
490,11	458,07	0,61408	240,45		0,30704		76573,836449	61672,6047894	116646,963206
490,88	443,97	0,59062	208,26		0,29531		76921,121849	61673,0685989	116819,716556
491,66	429,5	0,5715	178,05		0,28575		77261,775149	61673,5218257	116970,377456
492,43	414,86	0,55492	150,47		0,27746		77586,853749	61673,9554974	117096,857656
493,21	400,45	0,53838	125,96		0,26919		77904,824649	61674,3818844	117204,665356
493,98	386,46	0,51721	104,67		0,258605		78207,784999	61674,78828655	117293,457906
494,75	372,96	0,49497	86,373		0,247485		78500,161699	61675,17797585	117367,009461
495,53	359,95	0,47421	70,773		0,237105		78785,996599	61675,55595605	117428,296401
496,3	348,08	0,45411	57,681		0,227055		79058,588149	61675,91335925	117477,751191
497,08	337,74	0,43385	46,837		0,216925		79326,057949	61676,25966365	117518,513211
497,85	329,03	0,41264	37,939		0,20632		79582,764399	61676,5855623	117551,151971
498,63	321,62	0,39434	30,616		0,19717		79836,517899	61676,9002845	117577,888421
499,4	315,02	0,3782	24,537		0,1891		80081,624299	61677,1977124	117599,122326
500,17	308,74	0,36032	19,455		0,18016		80321,771899	61677,4820426	117616,059246
500,95	302,66	0,34623	15,236		0,173115		80560,217899	61677,7575971	117629,588736
501,72	296,84	0,3311	11,805		0,16555		80791,025399	61678,01836915	117639,999521
502,49	291,44	0,31476	9,0681		0,15738		81017,513199	61678,26702525	117648,0356645
503,27	286,5	0,30371	6,9518		0,151855		81242,909799	61678,50822855	117654,2834255
504,04	282,15	0,29183	5,3589		0,145915		81461,840049	61678,73751145	117659,023045
504,81	278,24	0,28255	4,1944		0,141275		81677,590199	61678,95864775	117662,7010655
505,59	274,8	0,27531	3,3625		0,137655		81893,275799	61679,17621315	117665,6482565
506,36	271,76	0,26794	2,7776		0,13397		82103,701399	61679,3853644	117668,012195
507,13	269,17	0,26564	2,3804		0,13282		82311,959449	61679,5907927	117669,998025
507,91	266,98	0,26268	2,099		0,13134		82521,057949	61679,7968375	117671,744991
508,68	265,11	0,26135	1,8999		0,130675		82725,912599	61679,99858905	117673,2845675
509,45	263,51	0,25547	1,7517		0,127735		82929,431299	61680,19756475	117674,6904335
510,23	262,21	0,25097	1,6396		0,125485		83134,462099	61680,39507635	117676,0130405
511	261,04	0,24994	1,5553		0,12497		83335,913349	61680,5879267	117677,243077
511,77	259,98	0,25038	1,4853		0,12519		83536,506049	61680,7805499	117678,413708
512,54	258,95	0,25045	1,4274		0,125225		83736,2940989999	61680,97336945	117679,5350975
513,32	258,03	0,24828	1,3726		0,12414		83937,916299	61681,16787415	117680,6270975
514,09	257,08	0,24695	1,3257		0,123475		84136,233649	61681,3585377	117681,665943
514,86	256,18	0,24693	1,2836		0,123465		84333,838749	61681,5486815	117682,6705235
515,63	255,25	0,24336	1,2407		0,12168		84530,739299	61681,73744315	117683,642379
516,41	254,3	0,24282	1,2084		0,12141		84729,463799	61681,92705335	117684,597528
517,18	253,36	0,24043	1,1744		0,120215		84924,912899	61682,1131046	117685,514906
517,95	252,48	0,23766	1,1442		0,11883		85119,661299	61682,29716925	117686,407567
518,72	251,62	0,23758	1,1173		0,11879		85313,739799	61682,48013665	117687,2782445
519,49	250,83	0,23473	1,0891		0,117365		85507,183049	61682,661976	117688,1277085
520,27	250,14	0,23255	1,0629		0,116275		85702,561349	61682,8442152	117688,9669885
521,04	249,57	0,22958	1,0399		0,11479		85894,949699	61683,02213525	117689,7765665
521,81	249,1	0,22814	1,0175		0,11407		86086,937649	61683,19835745	117690,5686655
522,58	248,91	0,22784	1,0004		0,11392		86278,671499	61683,37390975	117691,345557
523,35	248,87	0,2253	0,98344		0,11265		86470,316799	61683,54836865	117692,1093354
524,12	249,26	0,22464	0,97084		0,11232		86662,096849	61683,72159555	117692,8617332
524,9	250,02	0,22243	0,95183		0,111215		86856,816049	61683,89595285	117693,6115745
525,67	251,37	0,22233	0,93573		0,111165		87049,851199	61684,06718545	117694,3382851
526,44	253,51	0,22292	0,92235		0,11146		87244,229999	61684,2386067	117695,0536459
527,21	256,8	0,22144	0,90651		0,11072		87440,699349	61684,4096853	117695,757757
527,98	261,59	0,22301	0,89561		0,111505		87640,279499	61684,58079855	117696,4515732
528,75	268,04	0,22159	0,88405		0,110795		87844,187049	61684,75196955	117697,1367423
529,52	275,98	0,22783	0,87649		0,113915		88053,6347489999	61684,92499625	117697,8145502
530,29	285,07	0,23227	0,87217		0,116135		88269,6389989999	61685,10213475	117698,4877843
531,06	295,09	0,23562	0,86372		0,11781		88493,0005989999	61685,2822724	117699,15610195
531,83	306,15	0,24115	0,85587		0,120575		88724,477999	61685,46582885	117699,8181441
532,6	318,59	0,24773	0,84852		0,123865		88965,002899	61685,65404765	117700,47433425
533,37	332,96	0,25975	0,8486		0,129875		89215,849649	61685,84942745	117701,12772545
534,15	349,45	0,27591	0,85539		0,137955		89481,9895489999	61686,05833485	117701,79228155
534,92	367,8	0,30082	0,86661		0,15041		89758,1307989999	61686,2803759	117702,45525155
535,69	387,42	0,33625	0,88738		0,168125		90048,890499	61686,52564785	117703,1305377
536,46	407,41	0,38358	0,91712		0,19179		90354,900049	61686,8027824	117703,8252702
537,23	427,52	0,46544	0,97886		0,23272		90676,348099	61687,1296551	117704,5552225
538	448,03	0,58475	1,0786		0,292375		91013,434849	61687,53397825	117705,3473446
538,77	470	0,73185	1,2029		0,365925		91366,8763989999	61688,04086925	117706,2257221
539,54	495,41	0,88518	1,3306		0,44259		91738,5592489999	61688,6634258	117707,2011196
540,31	529,44	1,0326	1,4553		0,5163		92133,1264989999	61689,4017711	117708,2736911
541,08	577,83	1,187	1,5853		0,5935		92559,425449	61690,2563171	117709,4443221
541,85	623,83	1,3786	1,7529		0,6893		93022,064549	61691,2440731	117710,7295291
542,61	667,04	1,5317	1,8831		0,76585		93512,595149	61692,3499871	117712,1112091
543,38	707,49	1,5872	1,9287		0,7936		94041,789199	61693,5507636	117713,5787521
544,15	745,29	1,6023	1,9342		0,80115		94601,109499	61694,7787211	117715,0659686
544,92	781,07	1,5998	1,9247		0,7999		95188,7580989999	61696,0115296	117716,5516451
545,69	814,89	1,5632	1,8837		0,7816		95803,202699	61697,2292846	117718,0178791
546,46	846,65	1,4744	1,7924		0,7372		96442,895599	61698,3987606	117719,4331776
547,23	875,57	1,3546	1,6735		0,6773		97105,950299	61699,4879256	117720,7675491
548	899,96	1,2278	1,5496		0,6139		97789,529349	61700,4821496	117722,0084426
548,77	914,63	1,1014	1,4268		0,5507		98488,1464989999	61701,3788916	117723,1543566
549,54	913,4	0,96203	1,2922		0,481015		99191,9380489999	61702,17331215	117724,2011716
550,31	912,15	0,77159	1,1078		0,385795		99894,7747989999	61702,84075585	117725,1251716
551,07	910,95	0,60927	0,95144		0,304635		100587,552799	61703,36548265	117725,9076828
551,84	909,79	0,53273	0,87342		0,266365		101288,537699	61703,80515265	117726,6102539
552,61	908,75	0,48302	0,82201		0,24151		101988,675599	61704,1962164	117727,26299445
553,38	907,76	0,43606	0,77311		0,21803		102688,031949	61704,5500622	117727,87711565
554,15	897,22	0,38778	0,72512		0,19389		103382,949249	61704,8672406	117728,4539342
554,92	877,94	0,3503	0,68769		0,17515		104066,385849	61705,1514014	117728,99786605
555,69	855,64	0,31738	0,65394		0,15869		104733,814149	61705,4084582	117729,5143936
556,45	830,76	0,28553	0,62291		0,142765		105374,646149	61705,637564	117729,9995966
557,22	803,77	0,25637	0,59304		0,128185		106003,940199	61705,8461955	117730,46773735
557,99	774,97	0,2322	0,56815		0,1161		106611,755099	61706,03429495	117730,9147955
558,76	744,77	0,21564	0,55391		0,10782		107196,854999	61706,20671335	117731,3467886
559,53	712,84	0,20509	0,54167		0,102545		107758,034849	61706,3686944	117731,7685869
560,29	678,99	0,19519	0,52903		0,097595		108286,930249	61706,5208008	117732,1754529
561,06	643,37	0,19102	0,52149		0,09551		108796,038849	61706,66949165	117732,5799031
561,83	606,07	0,1853	0,51497		0,09265		109277,073249	61706,81437485	117732,9789402
562,6	577,01	0,17997	0,50471		0,089985		109732,559049	61706,9550038	117733,371517
563,36	556,03	0,17827	0,49876		0,089135		110163,114249	61707,091135	117733,7528356
564,13	538,25	0,17593	0,49561		0,087965		110584,412049	61707,227502	117734,13566805
564,9	524,03	0,17242	0,4903		0,08621		110993,389849	61707,36161675	117734,5152434
565,67	513,99	0,17137	0,48407		0,085685		111393,027549	61707,4939759	117734,89037585
566,43	508,99	0,16942	0,47915		0,08471		111781,759949	61707,6234761	117735,25639945
567,2	509,92	0,17187	0,47646		0,085935		112174,040299	61707,75487275	117735,6243093
567,97	518,29	0,16914	0,47037		0,08457		112569,901149	61707,8861616	117735,98883885
568,73	535,59	0,17029	0,47012		0,085145		112970,375549	61708,015145	117736,34622505
569,5	562,28	0,16962	0,4661		0,08481		113393,055499	61708,14601035	117736,70666975
570,27	597,74	0,1718	0,46537		0,0859		113839,663199	61708,27745705	117737,0652857
571,03	635,02	0,17425	0,46632		0,087125		114308,111999	61708,40895605	117737,4193279
571,8	672,92	0,17951	0,46895		0,089755		114811,668899	61708,54515365	117737,77940685
572,57	710,73	0,2	0,4799		0,1		115344,374149	61708,691265	117738,1447141
573,33	747,59	0,22549	0,49692		0,112745		115898,535749	61708,8529512	117738,5159057
574,1	782,4	0,24454	0,50916		0,12227		116487,581899	61709,03391275	117738,9032465
574,87	814,1	0,27536	0,53167		0,13768		117102,234399	61709,23407425	117739,30396605
575,63	841,39	0,30586	0,55449		0,15293		117731,320599	61709,45493785	117739,71670685
576,4	863,12	0,336	0,57698		0,168		118387,556949	61709,70205395	117740,1523228
577,16	876,23	0,35911	0,59056		0,179555		119048,509949	61709,96619575	117740,595988
577,93	877,56	0,38224	0,6075		0,19112		119723,719099	61710,2516155	117741,0572411
578,7	867,98	0,40739	0,6262		0,203695		120395,751999	61710,55562305	117741,5322156
579,46	854,03	0,44018	0,65141		0,22009		121050,115799	61710,87769965	117742,0177074
580,23	836,41	0,46688	0,67055		0,23344		121700,935199	61711,22691775	117742,526662
580,99	815,35	0,47717	0,67699		0,238585		122328,603999	61711,58565675	117743,0387272
581,76	791,08	0,48149	0,67875		0,240745		122947,079549	61711,95474085	117743,5606871
582,52	763,93	0,49726	0,69264		0,24863		123537,983349	61712,32666585	117744,0818153
583,29	733,95	0,50931	0,70191		0,254655		124114,667149	61712,7141953	117744,61871705
584,05	701,51	0,51601	0,70494		0,258005		124660,141949	61713,1038169	117745,15332005
584,82	667,07	0,51869	0,70613		0,259345		125187,045249	61713,5021764	117745,696582
585,59	632,47	0,51843	0,70401		0,259215		125687,368149	61713,9014676	117746,2394859
586,35	600,26	0,51719	0,70167		0,258595		126155,805549	61714,2950032	117746,7736443
587,12	570	0,51253	0,69466		0,256265		126606,355649	61714,6914454	117747,31123135
587,88	541,97	0,49896	0,68091		0,24948		127028,904249	61715,0758116	117747,83394795
588,65	516,19	0,49017	0,67218		0,245085		127436,295849	61715,45662665	117748,3548876
589,41	492,74	0,48634	0,66801		0,24317		127819,689249	61715,82770045	117748,8641598
590,17	471,51	0,47583	0,65639		0,237915		128186,104249	61716,19332505	117749,3674318
590,94	452,28	0,45145	0,63446		0,225725		128541,763399	61716,55032785	117749,86440905
591,7	434,75	0,41717	0,60325		0,208585		128878,834799	61716,88040345	117750,33473885
592,47	418,51	0,38469	0,57422		0,192345		129207,339899	61717,18911955	117750,7880648
593,23	403,04	0,3601	0,55115		0,18005		129519,528899	61717,47213975	117751,2157054
594	388,12	0,34353	0,53518		0,171765		129824,125499	61717,7430373	117751,63394245
594,76	373,93	0,33063	0,52477		0,165315		130113,704499	61717,9992181	117752,03672345
595,53	360,63	0,32292	0,51683		0,16146		130396,510099	61718,25083485	117752,43773945
596,29	348,01	0,31709	0,51036		0,158545		130665,793299	61718,49403865	117752,82807165
597,05	335,93	0,30154	0,49607		0,15077		130925,690499	61718,72911805	117753,21051505
597,82	324,24	0,28075	0,47611		0,140375		131179,855949	61718,9532997	117753,58480435
598,58	312,83	0,26542	0,46133		0,13271		131421,942549	61719,1608443	117753,94103155
599,34	301,78	0,25876	0,45267		0,12938		131655,494349	61719,3600327	117754,28835155
600,11	291,21	0,25362	0,44603		0,12681		131883,795499	61719,557299	117754,63435105
600,87	281,32	0,25069	0,44201		0,125345		132101,356899	61719,7489368	117754,97180625
601,64	272,23	0,24842	0,43613		0,12421		132314,473649	61719,94109415	117755,30989015
602,4	263,88	0,2483	0,43557		0,12415		132518,195449	61720,12984775	117755,64113615
603,16	256,32	0,24708	0,43002		0,12354		132715,871449	61720,31809215	117755,97006035
603,93	249,39	0,24815	0,42765		0,124075		132910,569799	61720,5087557	117756,3002633
604,69	243,06	0,25529	0,43063		0,127645		133097,700799	61720,7000629	117756,6264097
605,45	237,32	0,28774	0,45542		0,14387		133280,245199	61720,9064143	117756,9631087
606,22	232,11	0,37149	0,5299		0,185745		133460,975749	61721,16021785	117757,3424569
606,98	227,45	0,56032	0,70258		0,28016		133635,608549	61721,51430565	117757,8107993
607,74	223,19	0,78403	0,90672		0,392015		133806,851749	61722,02515865	117758,4223333
608,5	219,16	0,94136	1,0489		0,47068		133974,944749	61722,68080685	117759,1654689
609,27	215,3	1,0351	1,132		0,51755		134142,211849	61723,44174395	117760,0051154
610,03	211,66	1,1058	1,198		0,5529		134304,456649	61724,25528595	117760,8905154
610,79	208,3	1,1632	1,2482		0,5816		134464,041449	61725,11750595	117761,8200714
611,55	205,08	1,2081	1,2886		0,60405		134621,125849	61726,01859995	117762,7840554
612,32	202,07	1,2287	1,3101		0,61435		134777,878599	61726,95676795	117763,7845549
613,08	199,23	1,2367	1,3219		0,61835		134930,372599	61727,89361995	117764,7847149
613,84	196,51	1,218	1,3109		0,609		135080,753799	61728,82640595	117765,7851789
614,6	193,87	1,1507	1,2512		0,57535		135229,098199	61729,72651195	117766,7587769
615,37	191,26	0,98234	1,0967		0,49117		135377,373249	61730,54773235	117767,6627184
616,13	188,73	0,78302	0,91192		0,39151		135521,769449	61731,21856915	117768,425994
616,89	186,43	0,64929	0,78973		0,324645		135664,330249	61731,76284695	117769,072621
617,65	184,36	0,57631	0,72196		0,288155		135805,230449	61732,22857495	117769,6470632
618,41	182,5	0,52205	0,67041		0,261025		135944,637249	61732,64595175	117770,1761638
619,17	180,73	0,4757	0,62802		0,23785		136082,664649	61733,02509675	117770,6695672
619,94	179,11	0,43914	0,59468		0,21957		136221,203049	61733,37731015	117771,1403067
620,7	177,62	0,42023	0,57395		0,210115		136356,760449	61733,70387075	117771,5843861
621,46	176,25	0,40779	0,55704		0,203895		136491,231049	61734,01851835	117772,0141623
622,22	175	0,39886	0,54315		0,19943		136624,706049	61734,32504535	117772,4322345
622,98	173,83	0,38901	0,53113		0,194505		136757,261449	61734,62443595	117772,8404609
623,74	172,76	0,37844	0,51903		0,18922		136888,965649	61734,91606695	117773,2395217
624,5	171,78	0,36046	0,50322		0,18023		137019,890849	61735,19684895	117773,6279767
625,27	170,85	0,34886	0,49074		0,17443		137151,803399	61735,46993715	117774,0106513
626,03	169,98	0,3441	0,48523		0,17205		137281,318799	61735,73326195	117774,3815199
626,79	169,12	0,3472	0,48692		0,1736		137410,176799	61735,99595595	117774,7509369
627,55	168,32	0,35556	0,49336		0,17778		137538,403999	61736,26300475	117775,1234433
628,31	167,56	0,35084	0,48875		0,17542		137666,038399	61736,53143675	117775,4966451
629,07	166,79	0,34016	0,47827		0,17008		137793,091399	61736,79401675	117775,8641127
629,83	166,01	0,32373	0,46405		0,161865		137919,555399	61737,04629495	117776,2221943
630,59	165,19	0,30821	0,45196		0,154105		138045,411399	61737,28643215	117776,5702781
631,35	164,39	0,29239	0,43776		0,146195		138170,651799	61737,51466015	117776,9083717
632,11	163,58	0,27664	0,4227		0,13832		138295,280399	61737,73089155	117777,2353465
632,87	162,75	0,26369	0,40977		0,131845		138419,285799	61737,93621695	117777,5516851
633,63	161,96	0,24498	0,39159		0,12249		138542,675599	61738,12951155	117777,8562019
634,39	161,14	0,21889	0,36844		0,109445		138665,453599	61738,30578215	117778,1450133
635,15	160,31	0,18939	0,34134		0,094695		138787,604599	61738,46092855	117778,4147297
635,91	159,5	0,15932	0,31405		0,07966		138909,132399	61738,59343835	117778,6637779
636,67	158,68	0,14023	0,29534		0,070115		139030,040799	61738,70726735	117778,8953461
637,43	157,88	0,1287	0,28447		0,06435		139150,333599	61738,80946075	117779,1156739
638,19	157,07	0,12457	0,27975		0,062285		139270,014599	61738,90570335	117779,3300775
638,95	156,32	0,1239	0,27586		0,06195		139389,102799	61739,00012195	117779,5412093
639,71	155,54	0,12211	0,2729		0,061055		139507,609599	61739,09360575	117779,7497381
640,47	154,74	0,11984	0,27142		0,05992		139625,515999	61739,18554675	117779,9565797
641,23	153,95	0,11912	0,27012		0,05956		139742,818199	61739,27635155	117780,1623649
641,99	153,15	0,11993	0,27112		0,059965		139859,516199	61739,36719055	117780,3680361
642,75	152,31	0,12279	0,27227		0,061395		139975,590999	61739,45942415	117780,5745243
643,51	151,51	0,12517	0,27425		0,062585		140091,042599	61739,55364895	117780,7822019
644,27	150,69	0,12552	0,27382		0,06276		140205,878599	61739,64891115	117780,9904685
645,03	149,86	0,13071	0,27798		0,065355		140320,087599	61739,74627855	117781,2001525
645,79	149,04	0,13426	0,2805		0,06713		140433,669599	61739,84696715	117781,4123749
646,54	148,25	0,14371	0,28703		0,071855		140545,153349	61739,9512059	117781,62519865
647,3	147,42	0,14998	0,29102		0,07499		140657,507949	61740,0628081	117781,84485765
648,06	146,61	0,15486	0,29399		0,07743		140769,239349	61740,1786473	117782,06716145
648,82	145,83	0,1596	0,29577		0,0798		140880,366549	61740,2981421	117782,29127025
649,58	145,03	0,16036	0,29447		0,08018		140990,893349	61740,4197269	117782,51556145
650,34	144,24	0,16088	0,29497		0,08044		141100,815949	61740,5417981	117782,73954865
651,1	143,48	0,15846	0,29537		0,07923		141210,149549	61740,6631473	117782,96387785
651,85	142,69	0,15499	0,29432		0,077495		141317,463299	61740,78069105	117783,1850116
652,61	141,89	0,15461	0,29572		0,077305		141425,603699	61740,89833905	117783,4092268
653,37	141,12	0,15037	0,2961		0,075185		141533,147499	61741,01423145	117783,6341184
654,13	140,34	0,14819	0,29856		0,074095		141640,102299	61741,12768425	117783,8600892
654,89	139,57	0,13607	0,29198		0,068035		141746,468099	61741,23570305	117784,0844944
655,64	138,82	0,1269	0,28746		0,06345		141850,864349	61741,3343168	117784,3017844
656,4	138,04	0,12005	0,28321		0,060025		141956,071149	61741,4281578	117784,518639
657,16	137,3	0,11384	0,27808		0,05692		142060,700349	61741,517036	117784,7319292
657,92	136,57	0,1132	0,27646		0,0566		142164,770949	61741,6033112	117784,9426544
658,68	135,86	0,11772	0,27766		0,05886		142268,294349	61741,6910608	117785,15322
659,43	135,2	0,12176	0,27593		0,06088		142369,941849	61741,7808658	117785,36081625
660,19	134,56	0,12621	0,2754		0,063105		142472,450649	61741,8750944	117785,57032165
660,95	133,94	0,12496	0,27086		0,06248		142574,480649	61741,970539	117785,77790045
661,71	133,33	0,12606	0,26567		0,06303		142676,043249	61742,0659266	117785,98178185
662,46	132,78	0,12744	0,25944		0,06372		142775,834499	61742,1609891	117786,1786981
663,22	132,23	0,13026	0,25569		0,06513		142876,538299	61742,2589151	117786,3744475
663,98	131,72	0,13204	0,25243		0,06602		142976,839299	61742,3585891	117786,5675331
664,73	131,27	0,13487	0,25073		0,067435		143075,460549	61742,45868035	117786,7562181
665,49	130,85	0,13639	0,25113		0,068195		143175,066149	61742,56175915	117786,9469249
666,25	130,49	0,1353	0,24943		0,06765		143274,375349	61742,66500135	117787,1371377
667	130,13	0,12893	0,24244		0,064465		143372,107849	61742,7640876	117787,32158895
667,76	129,81	0,12621	0,23988		0,063105		143470,885049	61742,8610408	117787,50487055
668,52	129,51	0,1237	0,23671		0,06185		143569,426649	61742,9560066	117787,68597475
669,27	129,23	0,12541	0,23523		0,062705		143666,454149	61743,04942285	117787,86295225
670,03	129,03	0,12397	0,23286		0,061985		143764,592949	61743,14418725	117788,04082645
670,79	128,81	0,12173	0,22982		0,060865		143862,572149	61743,23755325	117788,21664485
671,54	128,64	0,12162	0,22878		0,06081		143959,115899	61743,3288095	117788,38861985
672,3	128,45	0,12032	0,2251		0,06016		144056,810099	61743,4207467	117788,56109425
673,06	128,3	0,12128	0,22354		0,06064		144154,375099	61743,5125547	117788,73157745
673,81	128,15	0,12198	0,22039		0,06099		144250,543849	61743,6037772	117788,8980512
674,57	127,98	0,12134	0,21882		0,06067		144347,873249	61743,6962388	117789,064951
675,32	127,86	0,1231	0,21924		0,06155		144443,813249	61743,7879038	117789,2292235
676,08	127,72	0,12086	0,21605		0,06043		144540,933649	61743,8806086	117789,3946337
676,84	127,61	0,12145	0,21599		0,060725		144637,959049	61743,9726864	117789,5588089
677,59	127,51	0,12217	0,21496		0,061085		144733,629049	61744,0640439	117789,72041515
678,35	127,36	0,1238	0,21376		0,0619		144830,479649	61744,1575125	117789,88332875
679,1	127,24	0,12514	0,21238		0,06257		144925,954649	61744,250865	117790,04313125
679,86	127,1	0,12526	0,2107		0,06263		145022,603849	61744,346017	117790,20390165
680,61	126,97	0,12685	0,21021		0,063425		145117,880099	61744,44055825	117790,3617429
681,37	126,84	0,12438	0,20712		0,06219		145214,327899	61744,53602565	117790,5203283
682,12	126,69	0,12324	0,20482		0,06162		145309,401649	61744,62888315	117790,6748058
682,88	126,55	0,12736	0,20547		0,06368		145405,632849	61744,72411115	117790,830716
683,63	126,38	0,13124	0,20482		0,06562		145500,481599	61744,82108615	117790,98457475
684,39	126,19	0,13892	0,20852		0,06946		145596,458199	61744,92374695	117791,14164395
685,14	126	0,1419	0,20521		0,07095		145691,029449	61745,02905445	117791,2967927
685,9	125,77	0,14301	0,20369		0,071505		145786,702049	61745,13732025	117791,4521747
686,65	125,56	0,14507	0,20337		0,072535		145880,950799	61745,24535025	117791,6048222
687,41	125,33	0,1458	0,20295		0,0729		145976,288999	61745,35588085	117791,7592238
688,16	125,11	0,146	0,19956		0,073		146070,203999	61745,46530585	117791,91016505
688,92	124,9	0,14879	0,20161		0,074395		146165,207799	61745,57732605	117792,06260965
689,67	124,73	0,15475	0,20533		0,077375		146258,819049	61745,69115355	117792,21521215
690,42	124,54	0,16141	0,20893		0,080705		146352,295299	61745,80971355	117792,37055965
691,18	124,33	0,16154	0,20873		0,08077		146446,865899	61745,93243455	117792,52927045
691,93	124,12	0,16042	0,20673		0,08021		146540,034649	61746,05316955	117792,68506795
692,69	123,88	0,1571	0,20059		0,07855		146634,274649	61746,17382715	117792,83984955
693,44	123,58	0,15554	0,19882		0,07777		146727,072149	61746,29106715	117792,9896283
694,2	123,25	0,15661	0,19555		0,078305		146820,867549	61746,40968415	117793,1394889
694,95	122,84	0,15657	0,19171		0,078285		146913,151299	61746,52712665	117793,2847114
695,7	122,34	0,15832	0,18993		0,07916		147005,093799	61746,6452104	117793,4278264
696,46	121,79	0,16341	0,19119		0,081705		147097,863199	61746,7674678	117793,572652
697,21	121,1	0,16242	0,18555		0,08121		147188,946949	61746,88965405	117793,7139295
697,96	120,29	0,16587	0,18251		0,082935		147279,468199	61747,0127628	117793,851952
698,72	119,37	0,16531	0,17781		0,082655		147370,538999	61747,1386112	117793,9888736
699,47	118,32	0,16976	0,17602		0,08488		147459,672749	61747,26426245	117794,12155985
700,22	117,16	0,17714	0,17797		0,08857		147547,977749	61747,39434995	117794,2543061
700,98	115,87	0,1859	0,18157		0,09295		147636,529149	61747,53230515	117794,3909313
701,73	114,46	0,19748	0,18839		0,09874		147722,902899	61747,67607265	117794,5296663
702,48	112,89	0,21468	0,2018		0,10734		147808,159149	61747,83063265	117794,67598755
703,24	111,19	0,23995	0,22089		0,119975		147893,309549	61748,00339205	117794,83660975
703,99	109,31	0,26386	0,23761		0,13193		147975,997049	61748,1923208	117795,00854725
704,74	107,24	0,28586	0,25213		0,14293		148057,203299	61748,3984658	117795,19219975
705,49	104,96	0,31361	0,27195		0,156805		148136,778299	61748,62326705	117795,38872975
706,25	102,46	0,3295	0,28099		0,16475		148215,597899	61748,86764885	117795,59884695
707	99,741	0,34796	0,29063		0,17398		148291,423274	61749,12169635	117795,81320445
707,75	96,826	0,36948	0,30073		0,18474		148365,135899	61749,39073635	117796,03496445
708,5	93,639	0,39156	0,31206		0,19578		148436,560274	61749,67612635	117796,2647607
709,26	90,231	0,41257	0,3204		0,206285		148506,430874	61749,98169575	117796,5050955
710,01	86,585	0,42841	0,31938		0,214205		148572,736874	61750,29706325	117796,745013
710,76	82,744	0,43318	0,30752		0,21659		148636,235249	61750,6201595	117796,9801005
711,51	78,698	0,43288	0,28963		0,21644		148696,775999	61750,944932	117797,20403175
712,27	74,516	0,43381	0,26971		0,216905		148754,997319	61751,2742742	117797,41658095
713,02	70,207	0,43639	0,25218		0,218195		148809,268444	61751,6005992	117797,6122897
713,77	65,848	0,43713	0,2311		0,218565		148860,289069	61751,9281692	117797,7935197
714,52	61,433	0,44683	0,21807		0,223415		148908,019444	61752,2596542	117797,96195845
715,27	57,063	0,45873	0,20507		0,229365		148952,455444	61752,5992392	117798,12063595
716,02	52,726	0,4695	0,18946		0,23475		148993,626319	61752,94732545	117798,2685847
716,78	48,502	0,48289	0,1711		0,241445		149032,092959	61753,30923365	117798,4055975
717,53	44,402	0,50213	0,15935		0,251065		149066,931959	61753,67861615	117798,52951625
718,28	40,49	0,52902	0,15106		0,26451		149098,766459	61754,0652974	117798,64592
719,03	36,77	0,56322	0,14851		0,28161		149127,738959	61754,4748874	117798,75825875
719,78	33,265	0,60105	0,14606		0,300525		149154,002084	61754,91148865	117798,8687225
720,53	29,998	0,64469	0,1479		0,322345		149177,725709	61755,37864115	117798,9789575
721,28	26,963	0,69049	0,14657		0,345245		149199,086084	61755,87933365	117799,08938375
722,03	24,156	0,74416	0,14533		0,37208		149218,255709	61756,4173274	117799,19884625
722,79	21,601	0,803	0,14508		0,4015		149235,643369	61757,0052482	117799,30920205
723,54	19,264	0,87377	0,14654		0,436885		149250,967744	61757,63403695	117799,41855955
724,29	17,157	0,95147	0,14822		0,475735		149264,625619	61758,31850195	117799,52909455
725,04	15,247	1,0356	0,14957		0,5178		149276,777119	61759,0636532	117799,6407658
725,79	13,535	1,1303	0,14544		0,56515		149287,570369	61759,8758657	117799,75139455
726,54	11,986	1,235	0,14401		0,6175		149297,140744	61760,7628532	117799,8599383
727,29	10,601	1,3573	0,14329		0,67865		149305,610869	61761,7349657	117799,9676758
728,04	9,3635	1,4934	0,14211		0,7467		149313,0975565	61762,8039782	117800,0747008
728,79	8,258	1,6472	0,14123		0,8236		149319,705619	61763,9817032	117800,1809533
729,54	7,2771	1,8258	0,14311		0,9129		149325,5312815	61765,2840782	117800,2875808
730,29	6,4013	2,0236	0,14282		1,0118		149330,6606815	61766,7276032	117800,39480455
731,04	5,6252	2,2484	0,14204		1,1242		149335,170619	61768,3296032	117800,50162705
731,79	4,9375	2,4955	0,14329		1,24775		149339,1316315	61770,1085657	117800,6086258
732,54	4,3297	2,7734	0,14397		1,3867		149342,6068315	61772,0844032	117800,7163483
733,29	3,8009	3,0884	0,14385		1,5442		149345,6558065	61774,2825782	117800,8242808
734,04	3,3376	3,4417	0,14535		1,72085		149348,332744	61776,7313657	117800,9327308
734,79	2,9358	3,8462	0,14388		1,9231		149350,685269	61779,4643282	117801,04119205
735,54	2,5894	4,3016	0,14352		2,1508		149352,757219	61782,5197532	117801,14896705
736,29	2,2965	4,8235	0,14532		2,41175		149354,5894315	61785,9416657	117801,25728205
737,04	2,0416	5,4162	0,14521		2,7081		149356,216219	61789,7815532	117801,3662308
737,79	1,8199	6,092	0,14491		3,046		149357,6642815	61794,0971282	117801,4750258
738,54	1,6332	6,8702	0,14683		3,4351		149358,959194	61798,9579532	117801,5844283
739,29	1,4759	7,7426	0,14721		3,8713		149360,1251065	61804,4377532	117801,6946933
740,03	1,3383	8,718	0,14497		4,359		149361,1663605	61810,5281752	117801,8027999
740,78	1,2185	9,7702	0,14375		4,8851		149362,1251605	61817,4612502	117801,9110699
741,53	1,1205	10,868	0,14191		5,434		149363,0022855	61825,2005752	117802,0181924
742,28	1,0306	11,955	0,1409		5,9775		149363,808948	61833,7592002	117802,12424615
743,03	0,95616	12,965	0,14384		6,4825		149364,553983	61843,1042002	117802,23102365
743,78	0,89429	13,841	0,14494		6,9205		149365,24790175	61853,1564502	117802,33931615
744,53	0,83974	14,521	0,14513		7,2605		149365,898163	61863,7922002	117802,4480924
745,28	0,78901	14,992	0,14164		7,496		149366,50894425	61874,8595752	117802,55563115
746,02	0,74545	15,235	0,14104		7,6175		149367,07669445	61886,0435652	117802,66022275
746,77	0,70804	15,242	0,14016		7,621		149367,6217532	61897,4724402	117802,76567275
747,52	0,671	15,021	0,14009		7,5105		149368,1388932	61908,8210652	117802,8707665
748,27	0,64076	14,585	0,14016		7,2925		149368,6308032	61919,9233152	117802,97586025
749,02	0,61454	13,961	0,1385		6,9805		149369,1015407	61930,6280652	117803,08035775
749,77	0,59046	13,184	0,13955		6,592		149369,5534157	61940,8074402	117803,1846265
750,51	0,56996	12,321	0,13823		6,1605		149369,9827711	61950,2442902	117803,2874051
751,26	0,5489	11,436	0,13575		5,718		149370,4023436	61959,1531652	117803,3901476
752,01	0,53202	10,592	0,13545		5,296		149370,8076886	61967,4136652	117803,4918476
752,76	0,51211	9,8352	0,13365		4,9176		149371,19923735	61975,0738652	117803,5927601
753,5	0,49821	9,186	0,13871		4,593		149371,57305575	61982,1117092	117803,6935333
754,25	0,4808	8,6544	0,13728		4,3272		149371,9401845	61988,8018592	117803,79702955
755	0,46952	8,2262	0,13839		4,1131		149372,2965545	61995,1320842	117803,9004058
755,75	0,46262	7,9101	0,14076		3,95505		149372,646107	62001,1831967	117804,00508705
756,49	0,45502	7,6719	0,14505		3,83595		149372,9856338	62006,9485367	117804,11083675
757,24	0,44714	7,5079	0,14791		3,75395		149373,3239438	62012,6409617	117804,22069675
757,99	0,43362	7,4035	0,14449		3,70175		149373,6542288	62018,2327367	117804,33034675
758,74	0,42302	7,3571	0,14624		3,67855		149373,9754688	62023,7679617	117804,4393705
759,48	0,41553	7,3644	0,14964		3,6822		149374,2857323	62029,2149167	117804,5488461
760,23	0,40447	7,4153	0,15159		3,70765		149374,5932323	62034,7573042	117804,66180735
760,98	0,39886	7,5148	0,15587		3,7574		149374,89448105	62040,3560917	117804,77710485
761,72	0,39073	7,6524	0,15678		3,8262		149375,18662935	62045,9679557	117804,89278535
762,47	0,38776	7,8238	0,16313		3,9119		149375,4785631	62051,7715307	117805,0127516
763,22	0,38022	8,0379	0,16788		4,01895		149375,7665556	62057,7196682	117805,13688035
763,96	0,3725	8,2744	0,17216		4,1372		149376,045062	62063,7552192	117805,26269515
764,71	0,36445	8,5538	0,17517		4,2769		149376,32141825	62070,0657942	117805,3929439
765,46	0,35554	8,8602	0,18114		4,4301		149376,5914145	62076,5960442	117805,52656015
766,2	0,3517	9,2052	0,19028		4,6026		149376,8530933	62083,2802422	117805,66398555
766,95	0,34635	9,5771	0,19763		4,78855		149377,11486205	62090,3236047	117805,8094518
767,7	0,34196	9,9687	0,20236		4,98435		149377,3729783	62097,6532797	117805,95944805
768,44	0,34087	10,386	0,20944		5,193		149377,6256254	62105,1845187	117806,11181405
769,19	0,33668	10,818	0,21775		5,409		149377,87970665	62113,1360187	117806,2720103
769,93	0,33451	11,263	0,22495		5,6315		149378,12804695	62121,3059887	117806,4358093
770,68	0,32913	11,708	0,22834		5,854		149378,37691195	62129,9201137	117806,60579305
771,43	0,32539	12,148	0,23223		6,074		149378,62235695	62138,8661137	117806,7785068
772,17	0,32503	12,571	0,23517		6,2855		149378,86301235	62148,0121437	117806,9514448
772,92	0,32389	12,966	0,23782		6,483		149379,10635735	62157,5885187	117807,12881605
773,66	0,32127	13,326	0,23681		6,663		149379,34506655	62167,3165587	117807,30442915
774,41	0,32175	13,643	0,23788		6,8215		149379,58619905	62177,4299337	117807,4824379
775,15	0,32101	13,905	0,23808		6,9525		149379,82402025	62187,6226937	117807,6585431
775,9	0,31883	14,111	0,2384		7,0555		149380,06396025	62198,1286937	117807,8372231
776,64	0,31407	14,251	0,23632		7,1255		149380,29813325	62208,6226337	117808,0128695
777,39	0,30866	14,327	0,23051		7,1635		149380,531657	62219,3393837	117808,18793075
778,13	0,30619	14,332	0,22883		7,166		149380,7591515	62229,9432137	117808,35788655
778,88	0,30235	14,276	0,22646		7,138		149380,987354	62240,6712137	117808,5286203
779,62	0,29931	14,157	0,22353		7,0785		149381,2099682	62251,1914237	117808,6951166
780,37	0,29517	13,993	0,22108		6,9965		149381,4328982	62261,7476737	117808,86184535
781,11	0,29118	13,774	0,21895		6,887		149381,6498477	62272,0214637	117809,02465645
781,86	0,29212	13,525	0,22018		6,7625		149381,8685852	62282,2585887	117809,1893302
782,6	0,28901	13,247	0,21948		6,6235		149382,0836033	62292,1642287	117809,3520044
783,35	0,28959	12,947	0,21807		6,4735		149382,3005783	62301,9869787	117809,51608565
784,09	0,28701	12,639	0,21843		6,3195		149382,5139203	62311,4537987	117809,67759065
784,84	0,28866	12,32	0,22021		6,16		149382,72979655	62320,8134237	117809,84208065
785,58	0,29209	12,011	0,22466		6,0055		149382,94467405	62329,8158937	117810,00668255
786,32	0,29465	11,711	0,22522		5,8555		149383,16176785	62338,5930337	117810,17313815
787,07	0,29527	11,421	0,22543		5,7105		149383,38298785	62347,2675337	117810,3421319
787,81	0,29351	11,148	0,22757		5,574		149383,60083645	62355,6180637	117810,5097419
788,56	0,28757	10,891	0,22772		5,4455		149383,81874145	62363,8826887	117810,68047565
789,3	0,28558	10,663	0,22861		5,3315		149384,03080695	62371,8576687	117810,84931775
790,04	0,28199	10,456	0,23044		5,228		149384,24080785	62379,6716987	117811,01916625
790,79	0,27856	10,273	0,23392		5,1365		149384,4510141	62387,4450737	117811,19330125
791,53	0,27523	10,121	0,23882		5,0605		149384,6559164	62394,9908537	117811,36821505
792,27	0,27828	9,9836	0,24669		4,9918		149384,8607151	62402,4295557	117811,54785375
793,02	0,27516	9,8721	0,25226		4,93605		149385,0682551	62409,8754432	117811,73496
793,76	0,27424	9,7771	0,25861		4,88855		149385,2715331	62417,1456472	117811,9239819
794,5	0,26963	9,7021	0,26557		4,85105		149385,472765	62424,3529512	117812,1179285
795,25	0,27122	9,6573	0,27659		4,82865		149385,67558375	62431,6127262	117812,3212385
795,99	0,27105	9,6295	0,28554		4,81475		149385,87622365	62438,7488422	117812,5292266
796,73	0,27314	9,6218	0,29904		4,8109		149386,07757395	62445,8718232	117812,7455212
797,48	0,27426	9,6257	0,31352		4,81285		149386,28284895	62453,0896357	117812,9752312
798,22	0,27478	9,6435	0,32823		4,82175		149386,48599375	62460,2192397	117813,2126787
798,96	0,27812	9,6712	0,34586		4,8356		149386,69056675	62467,3656787	117813,462092
799,71	0,27969	9,7114	0,36221		4,8557		149386,8997455	62474,6341537	117813,72761825
800,45	0,28087	9,7742	0,38037		4,8871		149387,1071527	62481,8438257	117814,00237285
801,19	0,28312	9,8477	0,40158		4,92385		149387,315829	62489,1039287	117814,29169435
801,93	0,27922	9,9368	0,41997		4,9684		149387,5238948	62496,4241937	117814,59566785
802,68	0,27894	10,035	0,44136		5,0175		149387,7332048	62503,9136187	117814,9186666
803,42	0,27648	10,144	0,46157		5,072		149387,9387102	62511,3798487	117815,2527507
804,16	0,27795	10,257	0,48998		5,1285		149388,1438493	62518,9282187	117815,6048242
804,9	0,28196	10,381	0,52018		5,1905		149388,351016	62526,5642787	117815,9785834
805,65	0,28418	10,513	0,55321		5,2565		149388,5633185	62534,3995287	117816,38110465
806,39	0,28769	10,657	0,58688		5,3285		149388,7749104	62542,2324287	117816,80293795
807,13	0,2998	10,803	0,63011		5,4015		149388,9922817	62550,1726287	117817,25322425
807,87	0,30813	10,948	0,67495		5,474		149389,2172158	62558,2204987	117817,73609645
808,61	0,30875	11,079	0,71641		5,5395		149389,4454614	62566,3704887	117818,25089965
809,35	0,30741	11,205	0,75706		5,6025		149389,6734406	62574,6155687	117818,79608355
810,1	0,31015	11,327	0,80178		5,6635		149389,9050256	62583,0650687	117819,38064855
810,84	0,31056	11,445	0,85419		5,7225		149390,1346883	62591,4907087	117819,99335745
811,58	0,3123	11,537	0,91113		5,7685		149390,3651465	62599,9940487	117820,64652585
812,32	0,31168	11,613	0,9645		5,8065		149390,5960191	62608,5595487	117821,34050895
813,06	0,30775	11,668	1,0184		5,834		149390,8252082	62617,1735187	117822,07418195
813,8	0,30461	11,706	1,0767		5,853		149391,0517814	62625,8218987	117822,84936895
814,54	0,29931	11,719	1,1383		5,8595		149391,2752318	62634,4891487	117823,66891895
815,29	0,28653	11,699	1,1965		5,8495		149391,4949218	62643,2708987	117824,54446895
816,03	0,2793	11,648	1,2591		5,824		149391,7042789	62651,9092887	117825,45304095
816,77	0,27434	11,573	1,3231		5,7865		149391,9091257	62660,5010587	117826,40845495
817,51	0,27561	11,473	1,3903		5,7365		149392,1126072	62669,0280787	117827,41241295
818,25	0,27406	11,33	1,4607		5,665		149392,3159851	62677,4651887	117828,46728295
818,99	0,27507	11,157	1,5272		5,5785		149392,5191632	62685,7853787	117829,57280595
819,73	0,27386	10,952	1,5928		5,476		149392,7222673	62693,9657087	117830,72720595
820,47	0,27277	10,723	1,6606		5,3615		149392,9245204	62701,9854587	117831,93096395
821,21	0,27399	10,455	1,7265		5,2275		149393,1268216	62709,8213187	117833,18419095
821,95	0,27412	10,163	1,7847		5,0815		149393,3296223	62717,4499787	117834,48333495
822,69	0,27834	9,8359	1,8434		4,91795		149393,5340325	62724,8495717	117835,82573195
823,43	0,27691	9,4951	1,8902		4,74755		149393,739475	62732,0020417	117837,20716395
824,17	0,27307	9,1258	1,9312		4,5629		149393,9429676	62738,8917747	117838,62108195
824,91	0,27208	8,7437	1,973		4,37185		149394,1446731	62745,5034897	117840,06563595
825,65	0,27304	8,3462	2,0083		4,1731		149394,3463675	62751,8267527	117841,53871695
826,39	0,27601	7,9386	2,0364		3,9693		149394,549516	62757,8521287	117843,03525595
827,13	0,27721	7,5158	2,0567		3,7579		149394,7542074	62763,5702567	117844,54970295
827,87	0,27528	7,0881	2,0647		3,54405		149394,9586287	62768,9736997	117846,07462095
828,61	0,27741	6,6558	2,0608		3,3279		149395,163124	62774,0589427	117847,60105595
829,35	0,27808	6,2321	2,0476		3,11605		149395,3686553	62778,8274657	117849,12116395
830,09	0,27447	5,81	2,0213		2,905		149395,5730988	62783,2830427	117850,62665695
830,83	0,27249	5,4059	1,9915		2,70295		149395,775474	62787,4329257	117852,11139295
831,57	0,26696	5,0019	1,9496		2,50095		149395,9750705	62791,2838117	117853,56959995
832,31	0,26728	4,6308	1,9081		2,3154		149396,1727393	62794,8479107	117854,99694895
833,05	0,2692	4,2747	1,858		2,13735		149396,3712369	62798,1429457	117856,39040595
833,79	0,26347	3,9355	1,8033		1,96775		149396,5683248	62801,1807197	117857,74508695
834,53	0,25962	3,618	1,7419		1,809		149396,7618681	62803,9755147	117859,05681095
835,27	0,25521	3,328	1,6766		1,664		149396,9523552	62806,5455347	117860,32165595
836	0,25533	3,0743	1,6175		1,53715		149397,1387023	62808,8823742	117861,52400245
836,74	0,25251	2,8376	1,5539		1,4188		149397,3266031	62811,0697772	117862,69742045
837,48	0,25319	2,6258	1,4959		1,3129		149397,5137121	62813,0912352	117863,82584645
838,22	0,25988	2,4384	1,444		1,2192		149397,703548	62814,9649892	117864,91360945
838,96	0,25665	2,2684	1,3839		1,1342		149397,8946641	62816,7065052	117865,95993245
839,7	0,26099	2,1265	1,3362		1,06325		149398,0861909	62818,3326182	117866,96636945
840,44	0,26151	1,9936	1,2811		0,9968		149398,2795159	62819,8570552	117867,93477045
841,17	0,25903	1,8738	1,2269		0,9369		149398,469513	62821,2686562	117868,85019045
841,91	0,25927	1,7712	1,1738		0,8856		149398,661284	62822,6173062	117869,73844945
842,65	0,25959	1,6845	1,1244		0,84225		149398,8532622	62823,8959152	117870,58878345
843,39	0,25723	1,6052	1,0749		0,8026		149399,0444856	62825,1131042	117871,40252445
844,13	0,26049	1,535	1,029		0,7675		149399,236042	62826,2749782	117872,18096745
844,86	0,2598	1,4744	0,98644		0,7372		149399,42594785	62827,3734092	117872,91660305
845,6	0,25815	1,4186	0,93811		0,7093		149399,61758935	62828,4438192	117873,62868655
846,34	0,24979	1,3626	0,8903		0,6813		149399,80552715	62829,4728632	117874,30519825
847,08	0,25092	1,3204	0,85051		0,6602		149399,99078985	62830,4655732	117874,94929795
847,81	0,25215	1,2743	0,80719		0,63715		149400,1744104	62831,4126387	117875,55435845
848,55	0,24904	1,2362	0,76815		0,6181		149400,3598507	62832,3415237	117876,13723425
849,29	0,24799	1,2008	0,72866		0,6004		149400,5437518	62833,2432137	117876,69105395
850,03	0,24525	1,1698	0,69042		0,5849		149400,7262506	62834,1203357	117877,21611355
850,76	0,24362	1,1425	0,65781		0,57125		149400,90468815	62834,9643252	117877,7082175
851,5	0,24763	1,1206	0,62974		0,5603		149401,08645065	62835,8016722	117878,184611
852,24	0,24352	1,0928	0,59821		0,5464		149401,26817615	62836,6206302	117878,6389525
852,98	0,24431	1,0743	0,57085		0,53715		149401,44867325	62837,4224572	117879,0715047
853,71	0,24355	1,0565	0,54703		0,52825		149401,62674215	62838,2001992	117879,4795309
854,45	0,24658	1,0405	0,52555		0,52025		149401,80809025	62838,9760892	117879,8763855
855,19	0,24605	1,0235	0,503		0,51175		149401,99036335	62839,7397692	117880,256949
855,92	0,24521	1,016	0,48234		0,508		149402,16967325	62840,4841867	117880,6165981
856,66	0,24918	1,0091	0,4678		0,50455		149402,35259755	62841,2334737	117880,9681499
857,4	0,24966	1,0015	0,45408		0,50075		149402,53716835	62841,9773957	117881,3092455
858,13	0,25236	0,99601	0,44211		0,498005		149402,72040565	62842,70648685	117881,63635485
858,87	0,25137	0,98817	0,42824		0,494085		149402,90678575	62843,44063345	117881,95838435
859,61	0,2488	0,98121	0,41305		0,490605		149403,09184865	62844,16930405	117882,26966165
860,34	0,24985	0,9767	0,40112		0,48835		149403,2738559	62844,8839412	117882,5668337
861,08	0,24793	0,9694	0,38888		0,4847		149403,4580345	62845,6039982	117882,8591337
861,81	0,2497	0,9686	0,38125		0,4843		149403,63966945	62846,3113682	117883,14023115
862,55	0,25081	0,96757	0,37329		0,483785		149403,82485815	62847,0277511	117883,41941095
863,29	0,25127	0,96513	0,36379		0,482565		149404,01062775	62847,7428501	117883,69213055
864,02	0,24869	0,96282	0,35633		0,48141		149404,19311315	62848,44655185	117883,95497435
864,76	0,24598	0,95805	0,34802		0,479025		149404,37614105	62849,15727375	117884,21558385
865,49	0,24425	0,95422	0,33878		0,47711		149404,555075	62849,8552523	117884,46626585
866,23	0,24742	0,9566	0,33644		0,4783		149404,7369929	62850,5622557	117884,71609725
866,96	0,24963	0,95705	0,32835		0,478525		149404,91841615	62851,26073795	117884,9587456
867,7	0,25371	0,95939	0,32674		0,479695		149405,10465195	62851,96982075	117885,2011289
868,44	0,25556	0,95931	0,3248		0,479655		149405,29308185	62852,67973975	117885,4421987
869,17	0,25812	0,95824	0,31975		0,47912		149405,48057505	62853,3796455	117885,67745945
869,91	0,25759	0,95582	0,31489		0,47791		149405,67138775	62854,0878477	117885,91227625
870,64	0,26073	0,95781	0,31604		0,478905		149405,86057455	62854,78632265	117886,1425657
871,38	0,2626	0,95629	0,31338		0,478145		149406,05420665	62855,49453965	117886,3754511
872,11	0,27015	0,95547	0,31608		0,477735		149406,2486604	62856,19233205	117886,605204
872,85	0,27391	0,95351	0,31516		0,476755		149406,4499626	62856,89865465	117886,8387628
873,58	0,28293	0,95432	0,32071		0,47716		149406,6532092	62857,5950126	117887,07085535
874,32	0,28665	0,94574	0,32091		0,47287		149406,8639538	62858,2980348	117887,30825475
875,05	0,29337	0,94079	0,32673		0,470395		149407,0756611	62858,98661825	117887,54464335
875,78	0,29252	0,92773	0,32737		0,463865		149407,28951095	62859,66862805	117887,78338985
876,52	0,29346	0,91704	0,32533		0,45852		149407,50632355	62860,35119295	117888,02488885
877,25	0,29438	0,90369	0,32777		0,451845		149407,72088515	62861,0157594	117888,26327035
877,99	0,29467	0,88642	0,32553		0,44321		149407,93883365	62861,6781001	117888,50499135
878,72	0,29345	0,86689	0,32226		0,433445		149408,15349745	62862,31805825	117888,7414347
879,46	0,29327	0,84367	0,32025		0,421835		149408,37058385	62862,95096545	117888,9791634
880,19	0,28964	0,8197	0,31939		0,40985		149408,583346	62863,5580955	117889,212632
880,92	0,29271	0,80162	0,32336		0,40081		149408,79590375	62864,1498773	117889,44723575
881,66	0,28866	0,77748	0,32107		0,38874		149409,01101065	62864,7341443	117889,68567485
882,39	0,28463	0,75818	0,31826		0,37909		149409,2202615	62865,2946602	117889,9190303
883,13	0,28151	0,7378	0,31608		0,3689		149409,4297333	62865,8481728	117890,1537361
883,86	0,28389	0,72017	0,318		0,360085		149409,6361043	62866,38033185	117890,3851753
884,59	0,28385	0,69915	0,32243		0,349575		149409,8433294	62866,89838365	117890,61893225
885,33	0,28598	0,68402	0,32573		0,34201		149410,0541665	62867,41015655	117890,85875145
886,06	0,28721	0,66545	0,32927		0,332725		149410,26338085	62867,9027131	117891,09782645
886,79	0,28872	0,65185	0,33481		0,325925		149410,4735953	62868,3835276	117891,34021565
887,53	0,28904	0,63745	0,34228		0,318725		149410,6873665	62868,8605686	117891,59073895
888,26	0,29154	0,62309	0,34638		0,311545		149410,8992782	62869,3206657	117891,84209985
888,99	0,29021	0,60568	0,34747		0,30284		149411,11161695	62869,76916675	117892,0953551
889,73	0,29566	0,59442	0,35558		0,29721		149411,32838885	62870,21320375	117892,3554836
890,46	0,29478	0,57406	0,35904		0,28703		149411,54389945	62870,63969895	117892,6163199
891,19	0,29402	0,55527	0,3635		0,277635		149411,75881145	62871,0519044	117892,880047
891,92	0,29028	0,5375	0,36277		0,26875		149411,97208095	62871,45076545	117893,14513555
892,66	0,2902	0,52669	0,36183		0,263345		149412,18685855	62871,84451575	117893,41323755
893,39	0,29259	0,51239	0,36509		0,256195		149412,3995769	62872,22377995	117893,67856335
894,12	0,29296	0,4959	0,36892		0,24795		149412,61330265	62872,5918058	117893,946477
894,86	0,2925	0,48232	0,36929		0,24116		149412,82992285	62872,9537472	117894,2196147
895,59	0,29454	0,47427	0,3707		0,237135		149413,04419245	62873,30290255	117894,48971105
896,32	0,28794	0,45723	0,36491		0,228615		149413,25679765	62873,64290005	117894,7582087
897,05	0,28199	0,43881	0,35924		0,219405		149413,4648221	62873,96995465	117895,02252345
897,78	0,27592	0,41825	0,34796		0,209125		149413,66845925	62874,28278155	117895,28065145
898,52	0,27765	0,40841	0,34537		0,204205		149413,87328015	62874,58864575	117895,53718355
899,25	0,27562	0,39353	0,34106		0,196765		149414,0752237	62874,88135385	117895,7877305
899,98	0,27615	0,38192	0,33837		0,19096		149414,27661975	62875,1643931	117896,03572245
900,71	0,27673	0,36808	0,33297		0,18404		149414,47842095	62875,4381431	117896,28076155
901,44	0,2736	0,35365	0,32856		0,176825		149414,6792914	62875,70157455	117896,52222
902,18	0,27218	0,34591	0,31894		0,172955		149414,88123	62875,96041175	117896,761795
902,91	0,27115	0,33104	0,31268		0,16552		149415,07954545	62876,2074985	117896,9923363
903,64	0,26995	0,31772	0,30472		0,15886		149415,27704695	62876,4442959	117897,2176873
904,37	0,27409	0,31177	0,29657		0,155885		149415,47562155	62876,67405975	117897,43715815
905,1	0,27867	0,30678	0,29609		0,15339		149415,67737895	62876,8998305	117897,65347905
905,83	0,27984	0,30073	0,29458		0,150365		149415,8812351	62877,12157165	117897,8690736
906,56	0,28151	0,292	0,28953		0,146		149416,08612785	62877,3379181	117898,08227375
907,3	0,28368	0,28554	0,28244		0,14277		149416,29524815	62877,5516079	117898,29390265
908,03	0,28434	0,27748	0,2753		0,13874		149416,50257545	62877,7571102	117898,49747775
908,76	0,28421	0,26949	0,2745		0,134745		149416,7100962	62877,95675425	117898,69815475
909,49	0,28359	0,26156	0,2625		0,13078		149416,9173432	62878,1505875	117898,89415975
910,22	0,28666	0,25435	0,26195		0,127175		149417,12548445	62878,33889465	117899,085584
910,95	0,28823	0,24806	0,25252		0,12403		149417,3353193	62878,5222743	117899,27336555
911,68	0,29004	0,24127	0,24833		0,120635		149417,54638785	62878,70087975	117899,4561758
912,41	0,29392	0,23197	0,25165		0,115985		149417,75953325	62878,87361235	117899,6386685
913,14	0,29768	0,22796	0,24644		0,11398		149417,97546725	62879,0414868	117899,82047135
913,87	0,29688	0,21932	0,23822		0,10966		149418,19248165	62879,204744	117899,99737225
914,6	0,29583	0,21589	0,23162		0,107945		149418,4088208	62879,36359565	117900,16886385
915,33	0,29595	0,2096	0,22773		0,1048		149418,6248205	62879,5188995	117900,3365266
916,06	0,2973	0,2034	0,22463		0,1017		149418,84135675	62879,6696445	117900,501638
916,79	0,30142	0,2015	0,21788		0,10075		149419,05988955	62879,817433	117900,66315415
917,52	0,30052	0,19552	0,22076		0,09776		149419,27959765	62879,9623453	117900,82325775
918,25	0,29887	0,19145	0,21687		0,095725		149419,498375	62880,10358935	117900,9829927
918,98	0,29689	0,18461	0,21533		0,092305		149419,7158274	62880,24085125	117901,1407457
919,71	0,2939	0,17359	0,20659		0,086795		149419,93146575	62880,37159425	117901,2947465
920,44	0,28965	0,17081	0,20304		0,085405		149420,1444615	62880,49730025	117901,44426145
921,17	0,28695	0,15798	0,19817		0,07899		149420,3549205	62880,6173086	117901,5907031
921,9	0,28585	0,15351	0,19657		0,076755		149420,5639925	62880,73100245	117901,7347832
922,63	0,28868	0,1479	0,19602		0,07395		149420,77369595	62880,8410171	117901,87807855
923,36	0,29257	0,14394	0,19756		0,07197		149420,9858522	62880,9475387	117902,02173525
924,09	0,29272	0,14164	0,19757		0,07082		149421,19948305	62881,0517754	117902,1659577
924,82	0,29318	0,13157	0,19717		0,065785		149421,41333655	62881,15149705	117902,3100378
925,55	0,29924	0,13205	0,19604		0,066025		149421,62956985	62881,24771835	117902,45355945
926,28	0,30138	0,12847	0,19569		0,064235		149421,84879615	62881,34280815	117902,5965409
927,01	0,30716	0,1283	0,19773		0,06415		149422,07091325	62881,4365292	117902,7401392
927,74	0,3053	0,1267	0,19463		0,06335		149422,29446115	62881,5296042	117902,8833506
928,46	0,31084	0,12241	0,19269		0,061205		149422,51627155	62881,6192838	117903,0227858
929,19	0,31587	0,12666	0,19468		0,06333		149422,7450207	62881,71019435	117903,16417585
929,92	0,31965	0,12596	0,19963		0,06298		149422,9769855	62881,80240065	117903,308099
930,65	0,32117	0,1234	0,19817		0,0617		149423,2108848	62881,89341705	117903,453296
931,38	0,32337	0,12591	0,195		0,062955		149423,4461419	62881,9844152	117903,59680305
932,11	0,33225	0,12673	0,20135		0,063365		149423,6854432	62882,0766288	117903,7414708
932,84	0,33265	0,13093	0,203		0,065465		149423,9281317	62882,1706747	117903,88905855
933,56	0,341	0,12957	0,21012		0,064785		149424,1706457	62882,2644547	117904,03778175
934,29	0,34656	0,12889	0,21587		0,064445		149424,4216051	62882,3587926	117904,1932681
935,02	0,35714	0,13253	0,22414		0,066265		149424,6784556	62882,4542109	117904,35387175
935,75	0,37127	0,1361	0,23998		0,06805		149424,94432525	62882,55226085	117904,52327555
936,48	0,38477	0,14055	0,2522		0,070275		149425,22027985	62882,6532381	117904,70292125
937,2	0,39996	0,14591	0,26491		0,072955		149425,50278265	62882,7563637	117904,88908085
937,93	0,42201	0,14999	0,27364		0,074995		149425,8028017	62882,8643672	117905,0856516
938,66	0,4385	0,15752	0,28768		0,07876		149426,11688785	62882,97660835	117905,2905334
939,39	0,45389	0,15999	0,30259		0,079995		149426,4426102	62883,0924995	117905,50598195
940,11	0,46911	0,16497	0,30774		0,082485		149426,7748902	62883,2094851	117905,72570075
940,84	0,48968	0,17003	0,31903		0,085015		149427,12484855	62883,3317601	117905,9544718
941,57	0,49911	0,18011	0,32027		0,090055		149427,4857569	62883,4595612	117906,1878163
942,3	0,5159	0,18966	0,32883		0,09483		149427,85623555	62883,59452725	117906,4247378
943,02	0,52069	0,1854	0,33003		0,0927		149428,22940795	62883,72954885	117906,6619274
943,75	0,52891	0,19602	0,33688		0,09801		149428,61251195	62883,86876715	117906,90534955
944,48	0,52481	0,19588	0,33628		0,09794		149428,99711975	62884,01181065	117907,15105295
945,2	0,52562	0,19485	0,33546		0,097425		149429,37527455	62884,15247345	117907,39287935
945,93	0,51964	0,20438	0,33463		0,10219		149429,75679445	62884,2981924	117907,6374622
946,66	0,52329	0,19258	0,33536		0,09629		149430,1374639	62884,4430828	117907,88200855
947,39	0,52686	0,19626	0,3418		0,09813		149430,52076865	62884,5850094	117908,12917195
948,11	0,52112	0,18914	0,34241		0,09457		149430,89804145	62884,7237534	117908,37548755
948,84	0,50718	0,1839	0,33554		0,09195		149431,27337095	62884,859913	117908,6229393
949,57	0,5041	0,1825	0,33755		0,09125		149431,64248815	62884,993649	117908,86861715
950,29	0,49454	0,16968	0,32675		0,08484		149432,00199855	62885,1204338	117909,10776515
951,02	0,48615	0,16828	0,32348		0,08414		149432,3599504	62885,2437892	117909,3450991
951,74	0,4797	0,15887	0,32206		0,079435		149432,7076564	62885,3615632	117909,5774935
952,47	0,47963	0,15764	0,31042		0,07882		149433,05781185	62885,47708935	117909,8083487
953,2	0,47339	0,15418	0,30776		0,07709		149433,40566415	62885,59090365	117910,0339844
953,92	0,47477	0,14374	0,30776		0,07187		149433,74700175	62885,69815485	117910,2555716
954,65	0,46183	0,14724	0,30276		0,07362		149434,08886075	62885,80436255	117910,4784114
955,37	0,4566	0,14027	0,30342		0,070135		149434,41949555	62885,90786615	117910,6966362
956,1	0,4494	0,13464	0,29902		0,06732		149434,75018555	62886,0082083	117910,9165268
956,83	0,45414	0,13381	0,29948		0,066905		149435,07997765	62886,10619255	117911,1349793
957,55	0,4373	0,12157	0,29153		0,060785		149435,40089605	62886,19812935	117911,3477429
958,28	0,43485	0,12162	0,29257		0,06081		149435,7192308	62886,2868937	117911,5609394
959	0,4376	0,12241	0,29516		0,061205		149436,0333128	62886,3747445	117911,7725222
959,73	0,431	0,11931	0,28771		0,059655		149436,3503518	62886,4629723	117911,98526975
960,45	0,42637	0,11799	0,29698		0,058995		149436,659005	62886,5484003	117912,19575815
961,18	0,42472	0,11387	0,29377		0,056935		149436,96965285	62886,6330292	117912,4113819
961,9	0,42213	0,11606	0,29811		0,05803		149437,27451885	62886,715804	117912,6244587
962,63	0,42069	0,1154	0,29789		0,0577		149437,58214815	62886,8002869	117912,8419987
963,35	0,41469	0,11418	0,29142		0,05709		149437,88288495	62886,8829357	117913,0541503
964,08	0,41577	0,11985	0,29536		0,059925		149438,18600285	62886,96835665	117913,268325
964,8	0,41378	0,11595	0,29783		0,057975		149438,48464085	62887,05324465	117913,4818734
965,53	0,42052	0,11722	0,29419		0,05861		149438,78916035	62887,1383517	117913,6979607
966,25	0,42115	0,11968	0,3009		0,05984		149439,09216155	62887,2236357	117913,9121931
966,98	0,41737	0,11648	0,30089		0,05824		149439,39822135	62887,3098341	117914,13184645
967,7	0,42407	0,1219	0,30961		0,06095		149439,70113975	62887,3956509	117914,35162645
968,43	0,42466	0,11879	0,30874		0,059395		149440,0109262	62887,48350275	117914,5773242
969,15	0,41569	0,11227	0,30573		0,056135		149440,3134522	62887,56668435	117914,7985334
969,87	0,41631	0,1087	0,29778		0,05435		149440,6129722	62887,64623355	117915,015797
970,6	0,41976	0,1093	0,30174		0,05465		149440,91813775	62887,72580355	117915,2346218
971,32	0,41785	0,10827	0,29553		0,054135		149441,21967735	62887,80412875	117915,449639
972,05	0,42847	0,11021	0,2994		0,055105		149441,52858415	62887,88387395	117915,66678845
972,77	0,42975	0,11159	0,29976		0,055795		149441,83754335	62887,96372195	117915,88248605
973,49	0,43696	0,11716	0,30964		0,05858		149442,14955895	62888,04607195	117916,10187005
974,22	0,43458	0,11316	0,30096		0,05658		149442,46767105	62888,13013875	117916,32473905
974,94	0,43684	0,11694	0,29991		0,05847		149442,78138225	62888,21297475	117916,54105225
975,67	0,44417	0,1147	0,30384		0,05735		149443,1029509	62888,29752335	117916,761421
976,39	0,44688	0,11433	0,30059		0,057165		149443,4237289	62888,37997415	117916,9790158
977,11	0,46156	0,12019	0,31287		0,060095		149443,7507673	62888,4644013501	117917,1998614
977,84	0,45823	0,12049	0,32089		0,060245		149444,08649065	62888,55224955	117917,4311838
978,56	0,45525	0,11947	0,32069		0,059735		149444,41534345	62888,63863515	117917,6621526
979,28	0,46087	0,12091	0,33046		0,060455		149444,74514665	62888,72517195	117917,8965666
980,01	0,44714	0,12038	0,32421		0,06019		149445,0765703	62888,8132428	117918,13552115
980,73	0,45607	0,12427	0,33053		0,062135		149445,4017259	62888,9013168	117918,37122755
981,45	0,46314	0,12947	0,33882		0,064735		149445,7326415	62888,9926632	117918,61219355
982,18	0,46645	0,13022	0,3466		0,06511		149446,07194185	62889,08745005	117918,86237185
982,9	0,47507	0,12642	0,35125		0,06321		149446,41088905	62889,17984045	117919,11359785
983,62	0,47704	0,12778	0,34664		0,06389		149446,75364865	62889,27135245	117919,36483825
984,34	0,48149	0,12515	0,34909		0,062575		149447,09871945	62889,36240725	117919,61530105
985,07	0,47497	0,12238	0,34333		0,06119		149447,44782735	62889,4527557	117919,86803435
985,79	0,48211	0,13016	0,34598		0,06508		149447,79237615	62889,5436701001	117920,11618595
986,51	0,49042	0,1246	0,35382		0,0623		149448,14248695	62889,6353837001	117920,36811395
987,23	0,49293	0,12574	0,35582		0,06287		149448,49649295	62889,7255061	117920,62358435
987,96	0,50724	0,12967	0,36884		0,064835		149448,861555	62889,81873075	117920,88808525
988,68	0,5004	0,12628	0,36939		0,06314		149449,2243054	62889,9108727501	117921,15384805
989,4	0,49371	0,12088	0,35857		0,06044		149449,582185	62889,99985035	117921,41591365
990,12	0,49857	0,12567	0,36266		0,062835		149449,9394058	62890,08860835	117921,67555645
990,84	0,4925	0,12227	0,35444		0,061135		149450,296191	62890,17786675	117921,93371245
991,57	0,48841	0,11744	0,35508		0,05872		149450,65422315	62890,2653609	117922,19268725
992,29	0,4858	0,11676	0,35723		0,05838		149451,00493875	62890,3496729	117922,44911885
993,01	0,48653	0,11201	0,35072		0,056005		149451,35497755	62890,4320301	117922,70398085
993,73	0,48983	0,10516	0,35149		0,05258		149451,70646715	62890,5102113	117922,95677645
994,45	0,49003	0,11111	0,349		0,055555		149452,05921675	62890,5880685	117923,20895285
995,17	0,49736	0,11069	0,34571		0,055345		149452,41467715	62890,6679165	117923,45904845
995,89	0,49301	0,10223	0,33641		0,051115		149452,77121035	62890,7445677	117923,70461165
996,62	0,50231	0,10602	0,3378		0,05301		149453,13450215	62890,82057895	117923,9506983
997,34	0,5059	0,10029	0,34366		0,050145		149453,49745775	62890,89485055	117924,1960239
998,06	0,51062	0,098253	0,35654		0,0491265		149453,86340495	62890,96632603	117924,4480959
998,78	0,52176	0,10977	0,37215		0,054885		149454,23506175	62891,04121431	117924,7104243
999,5	0,52498	0,10712	0,37987		0,05356		149454,61188815	62891,1192947101	117924,9811515
1000,22	0,53902	0,11517	0,38699		0,057585		149454,99492815	62891,19931911	117925,2572211
1000,94	0,5576	0,12718	0,4118		0,06359		149455,38971135	62891,2865651101	117925,5447855
1001,66	0,56835	0,12995	0,42117		0,064975		149455,79505335	62891,37913191	117925,8446547
1002,38	0,58263	0,12807	0,43559		0,064035		149456,20940615	62891,4720191101	117926,1530883
1003,1	0,59358	0,12622	0,44898		0,06311		149456,63284175	62891,56356351	117926,4715335
1003,82	0,60193	0,13574	0,45488		0,06787		149457,06322535	62891,6578691101	117926,7969231
1004,55	0,61654	0,13083	0,46199		0,065415		149457,5079669	62891,7551671601	117927,13158065
1005,27	0,61069	0,13405	0,46257		0,067025		149457,9497697	62891,85052396	117927,46442225
1005,99	0,6296	0,14065	0,45964		0,070325		149458,3962741	62891,9494159601	117927,79641785
1006,71	0,63297	0,13981	0,47113		0,069905		149458,8507993	62892,0503815601	117928,13149505
1007,43	0,65155	0,15366	0,48072		0,07683		149459,3132265	62892,1560307601	117928,47416105
1008,15	0,65869	0,15488	0,48467		0,07744		149459,7849129	62892,2671051601	117928,82170145
1008,87	0,6717	0,16682	0,48723		0,08341		149460,2638533	62892,3829171601	117929,17158545
1009,59	0,69319	0,19345	0,50601		0,096725		149460,7552137	62892,5126143601	117929,52915185
1010,31	0,72237	0,24715	0,54064		0,123575		149461,2648153	62892,6712303601	117929,90594585
1011,03	0,75054	0,28675	0,56613		0,143375		149461,7950629	62892,8634343601	117930,30438305
1011,75	0,77036	0,29298	0,58315		0,14649		149462,3425869	62893,0721371601	117930,71812385
1012,46	0,77659	0,30512	0,59218		0,15256		149462,89175415	62893,28446266	117931,135366
1013,18	0,81117	0,31771	0,61707		0,158855		149463,46334775	62893,5086814601	117931,570696
1013,9	0,81567	0,32686	0,6331		0,16343		149464,04901015	62893,74072666	117932,0207572
1014,62	0,82969	0,33547	0,63899		0,167735		149464,64133975	62893,97916546	117932,4787096
1015,34	0,85038	0,33731	0,65023		0,168655		149465,24616495	62894,22136626	117932,9428288
1016,06	0,86165	0,34963	0,66925		0,174815		149465,86249575	62894,46866466	117933,4178416
1016,78	0,86714	0,34559	0,668		0,172795		149466,48486015	62894,71894386	117933,8992516
1017,5	0,86432	0,33326	0,66759		0,16663		149467,10818575	62894,96332986	117934,380064
1018,22	0,84488	0,29335	0,64053		0,146675		149467,72349775	62895,18890946	117934,8509872
1018,94	0,83522	0,25405	0,62501		0,127025		149468,32833375	62895,38597346	117935,3065816
1019,66	0,84367	0,25092	0,63419		0,12546		149468,93273415	62895,5677626601	117935,7598936
1020,37	0,85657	0,25013	0,64537		0,125065		149469,53631935	62895,7456354101	117936,2141374
1021,09	0,86773	0,24965	0,65444		0,124825		149470,15706735	62895,9255562101	117936,682069
1021,81	0,88032	0,24065	0,6459		0,120325		149470,78636535	62896,10206421	117937,1501914
1022,53	0,91579	0,23521	0,66806		0,117605		149471,43296495	62896,2733738101	117937,623217
1023,25	0,93534	0,24011	0,67796		0,120055		149472,09937175	62896,44448901	117938,1077842
1023,97	0,99496	0,23843	0,70454		0,119215		149472,79427975	62896,61676341	117938,6054842
1024,68	1,054	0,25622	0,75616		0,12811		149473,52166055	62896,7923641601	117939,1240327
1025,4	1,6952	0,79325	1,4629		0,396625		149474,51137255	62897,17017336	117939,9228943
1026,12	2,6394	1,5939	2,5008		0,79695		149476,07182855	62898,02954736	117941,3498263
1026,84	3,9847	2,7916	3,9962		1,3958		149478,45650455	62899,6083273601	117943,6887463
1027,56	6,3545	4,8682	6,629		2,4341		149482,17861655	62902,3658553601	117947,5138183
1028,27	11,161	9,1867	12,109		4,59335		149488,39661905	62907,3553448601	117954,1658083
1028,99	25,911	22,331	28,501		11,1655		149501,74253905	62918,7017168601	117968,7854083
1029,71	26,909	23,138	29,709		11,569		149520,75773905	62935,0705568601	117989,7410083
1030,43	14,136	11,984	15,44		5,992		149535,53393905	62947,7144768601	118005,9946483
1031,14	9,8386	8,1883	10,712		4,09415		149544,04492205	62954,8756433601	118015,2786083
1031,86	7,6933	6,3428	8,325		3,1714		149550,35640605	62960,1068393601	118022,1319283
1032,58	6,4009	5,1753	6,8969		2,58765		149555,43031805	62964,2533553601	118027,6118123
1033,3	4,8669	3,7297	5,128		1,86485		149559,48672605	62967,4591553601	118031,9407763
1034,01	4,1695	3,034	4,2687		1,517		149562,69464805	62969,8602688601	118035,2766048
1034,73	3,5249	2,4091	3,5399		1,20455		149565,46463205	62971,8197848601	118038,0877008
1035,45	2,8425	1,7344	2,7462		0,8672		149567,75689605	62973,3114448601	118040,3506968
1036,16	2,1525	1,028	1,9023		0,514		149569,53012105	62974,2920968601	118042,0009143
1036,88	1,2525	0,11742	0,90023		0,05871		149570,75592105	62974,7044480601	118043,0098251
