     index            Field [G]         Intensity []

         1                 2600    -36.5919701473735
         2         2601.7578125    -38.7130168721399
         3          2603.515625    -39.7107734676048
         4         2605.2734375    -38.4473511132107
         5           2607.03125     -37.280203153453
         6         2608.7890625    -36.9946210445219
         7          2610.546875      -37.02043077585
         8         2612.3046875    -36.9942219081013
         9            2614.0625     -37.417172377915
        10         2615.8203125     -38.059418866352
        11          2617.578125     -37.803762174135
        12         2619.3359375    -36.6084336563325
        13           2621.09375    -35.4949771789006
        14         2622.8515625    -34.8891633394773
        15          2624.609375    -34.6109946988171
        16         2626.3671875    -34.3791455126052
        17             2628.125     -33.582793106501
        18         2629.8828125    -34.3544514002888
        19          2631.640625    -36.3643061177725
        20         2633.3984375    -35.7341253270332
        21           2635.15625    -32.9316053079208
        22         2636.9140625    -31.1247441764064
        23          2638.671875    -31.9331819098685
        24         2640.4296875    -32.4639646454412
        25            2642.1875     -31.148846127312
        26         2643.9453125    -30.7610327489501
        27          2645.703125    -31.4838426337559
        28         2647.4609375    -31.9823934675611
        29           2649.21875    -32.3324688245173
        30         2650.9765625    -32.8697424343395
        31          2652.734375    -33.4861203024684
        32         2654.4921875    -33.6699193525395
        33              2656.25    -33.2844975210911
        34         2658.0078125    -32.5625055387865
        35          2659.765625    -31.7071758191253
        36         2661.5234375    -31.6241783449129
        37           2663.28125    -32.2165360523864
        38         2665.0390625    -32.3430393964429
        39          2666.796875    -32.7431213123228
        40         2668.5546875    -33.2659573071938
        41            2670.3125    -32.9454900207812
        42         2672.0703125    -32.9225233185474
        43          2673.828125    -33.0736684291602
        44         2675.5859375    -32.2206092068424
        45           2677.34375     -30.097720363692
        46         2679.1015625    -28.6516818279998
        47          2680.859375    -29.2413633584893
        48         2682.6171875    -30.2853602839087
        49             2684.375    -31.3622336182666
        50         2686.1328125    -30.4085920179604
        51          2687.890625    -28.0982988105138
        52         2689.6484375     -29.222155736151
        53           2691.40625    -32.3529916340776
        54         2693.1640625     -33.628906449519
        55          2694.921875    -33.6327407764446
        56         2696.6796875    -34.8657386118428
        57            2698.4375    -36.3507681955725
        58         2700.1953125    -35.5185196844953
        59          2701.953125     -34.081275236496
        60         2703.7109375    -34.5933345480111
        61           2705.46875    -35.4701063996439
        62         2707.2265625    -35.0101998232158
        63          2708.984375    -34.2350212770627
        64         2710.7421875    -33.8902393850943
        65               2712.5    -33.4003256017019
        66         2714.2578125    -33.2168766139014
        67          2716.015625    -33.2280720633379
        68         2717.7734375    -31.5527165675775
        69           2719.53125    -30.3391717252681
        70         2721.2890625     -31.478457563688
        71          2723.046875    -32.3282484476111
        72         2724.8046875    -32.0200464271066
        73            2726.5625    -31.9132545333291
        74         2728.3203125    -31.2952343169778
        75          2730.078125     -29.388991488347
        76         2731.8359375     -28.357547730516
        77           2733.59375    -28.3918342033666
        78         2735.3515625    -27.8783157537894
        79          2737.109375     -26.657354171599
        80         2738.8671875    -25.6721611644063
        81             2740.625    -26.4545078080799
        82         2742.3828125    -28.3585553863975
        83          2744.140625    -29.4362662529167
        84         2745.8984375    -30.0473179399577
        85           2747.65625    -31.0831162107051
        86         2749.4140625    -32.0873761610059
        87          2751.171875    -32.3473415635992
        88         2752.9296875    -30.9478253221756
        89            2754.6875    -28.7235361985357
        90         2756.4453125     -27.687472927378
        91          2758.203125    -27.8113884279207
        92         2759.9609375    -28.6204281376237
        93           2761.71875    -29.7464770419641
        94         2763.4765625    -29.8484956567445
        95          2765.234375    -29.0394788483116
        96         2766.9921875    -27.6322023479565
        97              2768.75    -25.2821001899711
        98         2770.5078125    -23.5762074864257
        99          2772.265625    -23.7813668782182
       100         2774.0234375     -24.380729102712
       101           2775.78125     -23.955550666485
       102         2777.5390625    -23.4704068904797
       103          2779.296875    -23.1788279204097
       104         2781.0546875     -22.323851534629
       105            2782.8125    -21.0057329501253
       106         2784.5703125    -20.9188488032272
       107          2786.328125    -22.2199648305358
       108         2788.0859375    -22.3126266407024
       109           2789.84375    -21.5613831933447
       110         2791.6015625    -21.9150147903761
       111          2793.359375    -22.3641773995485
       112         2795.1171875     -22.032220218799
       113             2796.875    -21.9275286986446
       114         2798.6328125    -21.1075258238155
       115          2800.390625    -19.9654951046015
       116         2802.1484375    -19.8382196605838
       117           2803.90625    -20.0165682083868
       118         2805.6640625    -20.7296973991883
       119          2807.421875    -21.4587887752034
       120         2809.1796875    -21.7456468120364
       121            2810.9375    -22.3850993455293
       122         2812.6953125    -22.9328879099071
       123          2814.453125    -23.1278169772145
       124         2816.2109375    -22.9736096396371
       125           2817.96875    -22.6045393149929
       126         2819.7265625    -22.8228800234948
       127          2821.484375    -23.3789424895748
       128         2823.2421875     -23.775111559889
       129                 2825    -22.7586517758801
       130         2826.7578125    -20.5699086949427
       131          2828.515625    -19.3684328219411
       132         2830.2734375    -19.3155439746031
       133           2832.03125    -19.5483648289864
       134         2833.7890625    -20.3015058101469
       135          2835.546875    -21.3145860210208
       136         2837.3046875    -21.3776266742037
       137            2839.0625    -21.4379780639627
       138         2840.8203125    -22.4096658650555
       139          2842.578125    -22.9015622441109
       140         2844.3359375    -22.6374157239314
       141           2846.09375    -21.9954800384448
       142         2847.8515625    -20.1716588806655
       143          2849.609375    -17.9281228753672
       144         2851.3671875    -17.6365569917373
       145             2853.125    -18.7051924121031
       146         2854.8828125    -18.4933000469206
       147          2856.640625    -17.6103481239887
       148         2858.3984375    -16.8721878450402
       149           2860.15625    -16.6404433503485
       150         2861.9140625    -17.5690244180177
       151          2863.671875    -17.9482759929969
       152         2865.4296875    -17.3293887999944
       153            2867.1875    -17.5878001878354
       154         2868.9453125    -18.9299454762145
       155          2870.703125    -19.5484040883064
       156         2872.4609375    -19.2945794976922
       157           2874.21875      -18.70313784102
       158         2875.9765625    -18.5219658937829
       159          2877.734375    -18.6961791265398
       160         2879.4921875    -18.2701271704415
       161              2881.25    -17.1807497426452
       162         2883.0078125     -16.871369942539
       163          2884.765625    -19.0135089389577
       164         2886.5234375    -21.6706974984359
       165           2888.28125    -22.0854951161175
       166         2890.0390625    -20.8900520919648
       167          2891.796875    -20.3935983601727
       168         2893.5546875    -19.8586770379439
       169            2895.3125    -18.2991299931343
       170         2897.0703125    -17.3196165009099
       171          2898.828125    -18.2584736956043
       172         2900.5859375    -20.3870747698231
       173           2902.34375    -21.5943970099034
       174         2904.1015625    -21.2310879904776
       175          2905.859375    -20.4804890502908
       176         2907.6171875      -19.13035776189
       177             2909.375     -17.208453736166
       178         2911.1328125    -17.0295817307623
       179          2912.890625    -18.0735524833017
       180         2914.6484375    -18.9915433493853
       181           2916.40625    -19.0464540517063
       182         2918.1640625    -18.1387327694278
       183          2919.921875    -17.1410880145567
       184         2921.6796875    -15.2168382444593
       185            2923.4375    -13.6878120493846
       186         2925.1953125    -13.9808992316668
       187          2926.953125    -14.0070786549254
       188         2928.7109375    -13.2022200628086
       189           2930.46875    -13.0203250897604
       190         2932.2265625    -12.5262629048819
       191          2933.984375    -10.6863061665587
       192         2935.7421875    -8.79081384840372
       193               2937.5    -7.99605144476179
       194         2939.2578125    -7.35821508661126
       195          2941.015625    -6.38660253254856
       196         2942.7734375    -5.74461450130191
       197           2944.53125    -4.94082572565668
       198         2946.2890625    -4.68127581753396
       199          2948.046875    -5.31648507285061
       200         2949.8046875    -4.71947186434028
       201            2951.5625    -2.92013216422705
       202         2953.3203125   -0.979249528865097
       203          2955.078125    0.790805990094956
       204         2956.8359375    0.876554888321398
       205           2958.59375   0.0582892384048161
       206         2960.3515625    0.106309930055626
       207          2962.109375     1.02768364088425
       208         2963.8671875     1.88215947033422
       209             2965.625     1.98087703061979
       210         2967.3828125     1.51168562499794
       211          2969.140625    0.155413524618031
       212         2970.8984375   -0.801440796712908
       213           2972.65625   -0.215475815188867
       214         2974.4140625     0.85140929382432
       215          2976.171875      2.1979679840999
       216         2977.9296875     3.26779754211743
       217            2979.6875     3.21766993362351
       218         2981.4453125     3.40716158510293
       219          2983.203125     4.17670314721767
       220         2984.9609375      4.0695775492197
       221           2986.71875     3.25690635241137
       222         2988.4765625     2.68128293011258
       223          2990.234375     2.90723667509576
       224         2991.9921875     3.71298187352388
       225              2993.75     4.19675157332723
       226         2995.5078125     4.71646645225358
       227          2997.265625     5.17759333921354
       228         2999.0234375     5.15506176111031
       229           3000.78125     5.67357268755489
       230         3002.5390625     5.86431409405615
       231          3004.296875     5.56550159426553
       232         3006.0546875     6.32527740051587
       233            3007.8125     7.00867419959357
       234         3009.5703125      6.7419692803903
       235          3011.328125     6.68733339330974
       236         3013.0859375     7.82780355455143
       237           3014.84375     8.58791306502226
       238         3016.6015625     7.71340516751274
       239          3018.359375     7.86929084102261
       240         3020.1171875     8.32903056534052
       241             3021.875     7.96706290601678
       242         3023.6328125     8.41917323580344
       243          3025.390625     8.81481557690684
       244         3027.1484375     9.34825813141343
       245           3028.90625     9.96095216667689
       246         3030.6640625     9.67631555303717
       247          3032.421875     9.30908714482567
       248         3034.1796875     8.46955275826773
       249            3035.9375     7.98967300276012
       250         3037.6953125     8.80403562194094
       251          3039.453125     8.40035493505569
       252         3041.2109375      7.5613309196585
       253           3042.96875     8.69044859418345
       254         3044.7265625     10.8124475594125
       255          3046.484375     10.8754816693754
       256         3048.2421875     9.67555653951606
       257                 3050     9.80272074879356
       258         3051.7578125     9.85058440316414
       259          3053.515625     9.88178574778015
       260         3055.2734375      10.812104040362
       261           3057.03125     11.3689516928431
       262         3058.7890625     11.5636124881301
       263          3060.546875     12.1747034344912
       264         3062.3046875     12.0740621675228
       265            3064.0625     11.4711698758338
       266         3065.8203125      11.108508635189
       267          3067.578125     10.8464559454126
       268         3069.3359375     11.2135142299039
       269           3071.09375     11.3280794690528
       270         3072.8515625     10.4353225309364
       271          3074.609375        10.2071931653
       272         3076.3671875      11.375036887452
       273             3078.125     12.1290383020439
       274         3079.8828125     12.8112246054198
       275          3081.640625     13.8049597863351
       276         3083.3984375     13.9234967600299
       277           3085.15625     13.6457632435004
       278         3086.9140625     12.2171787471838
       279          3088.671875     10.6749548773497
       280         3090.4296875     12.0254591292911
       281            3092.1875     14.9138752690803
       282         3093.9453125     15.7021631565226
       283          3095.703125      15.454855613038
       284         3097.4609375     16.7852656363297
       285           3099.21875     17.7559326951011
       286         3100.9765625      17.067556505596
       287          3102.734375     16.5936605247872
       288         3104.4921875     16.1971086761025
       289              3106.25     14.5337043716897
       290         3108.0078125     13.2894194817749
       291          3109.765625     13.7900641459831
       292         3111.5234375     15.1102896473299
       293           3113.28125     16.5848239061642
       294         3115.0390625     19.0629114475383
       295          3116.796875     21.3001855912873
       296         3118.5546875     21.4320511041417
       297            3120.3125     20.3862515216096
       298         3122.0703125     18.9584849277943
       299          3123.828125     19.3661308060054
       300         3125.5859375     21.7750401538275
       301           3127.34375     22.9103444428715
       302         3129.1015625     22.4329347529176
       303          3130.859375     21.7812823857167
       304         3132.6171875     20.8929911952568
       305             3134.375     20.4623458987118
       306         3136.1328125      21.954438888442
       307          3137.890625     23.5004381962217
       308         3139.6484375      24.443986879663
       309           3141.40625     25.3553527354869
       310         3143.1640625     25.3689789911569
       311          3144.921875      25.879013176079
       312         3146.6796875     27.4348534867532
       313            3148.4375     28.8739202215252
       314         3150.1953125      29.421744773613
       315          3151.953125     29.6811409160655
       316         3153.7109375     30.5715324801484
       317           3155.46875      32.857324600269
       318         3157.2265625     34.4490708307461
       319          3158.984375     33.2809555649636
       320         3160.7421875     31.7537974592017
       321               3162.5      29.868659786712
       322         3164.2578125     29.4765246115338
       323          3166.015625     31.2955757619261
       324         3167.7734375     31.0070655620406
       325           3169.53125     29.9972242450716
       326         3171.2890625     30.9251182746398
       327          3173.046875      32.703378991492
       328         3174.8046875     35.0259898106068
       329            3176.5625     36.6070542344182
       330         3178.3203125     36.7753458530663
       331          3180.078125     37.2458557175201
       332         3181.8359375     37.7446388356356
       333           3183.59375     38.3314020900008
       334         3185.3515625     39.1379193883901
       335          3187.109375     38.6418059040385
       336         3188.8671875     37.0933038146052
       337             3190.625      36.488972014514
       338         3192.3828125     37.1567697770887
       339          3194.140625     37.9026510556486
       340         3195.8984375     37.7480413100406
       341           3197.65625     37.2127143081712
       342         3199.4140625     37.3438469803846
       343          3201.171875     38.3177300317907
       344         3202.9296875     38.8541791958917
       345            3204.6875     37.3302109098845
       346         3206.4453125     36.4842445380571
       347          3208.203125     37.5610916995349
       348         3209.9609375     38.2188259897348
       349           3211.71875     38.7382693250308
       350         3213.4765625     39.2329596590302
       351          3215.234375     39.8457354845438
       352         3216.9921875     41.9498616443164
       353              3218.75     43.7068961554573
       354         3220.5078125      42.420875336711
       355          3222.265625     41.1653753676997
       356         3224.0234375     43.1484846733939
       357           3225.78125     44.9473565332764
       358         3227.5390625     45.3785514603023
       359          3229.296875       46.48239921915
       360         3231.0546875     47.2611994375783
       361            3232.8125     46.4957735608497
       362         3234.5703125     45.1488942527936
       363          3236.328125     44.9901917230696
       364         3238.0859375     45.9350654085629
       365           3239.84375     46.8089386137315
       366         3241.6015625     46.0384940872554
       367          3243.359375     44.7325229906996
       368         3245.1171875     45.6405321746586
       369             3246.875       47.30300079861
       370         3248.6328125     48.6177398099786
       371          3250.390625     50.1688166564858
       372         3252.1484375     51.6614527334768
       373           3253.90625     53.3027245962069
       374         3255.6640625     55.2209578755055
       375          3257.421875     56.6355562390514
       376         3259.1796875     57.3555558108631
       377            3260.9375     58.0397181666819
       378         3262.6953125      58.796621499348
       379          3264.453125     59.7776333889546
       380         3266.2109375     59.8230629654816
       381           3267.96875     58.4518559654296
       382         3269.7265625      58.364611941431
       383          3271.484375     59.4565870275712
       384         3273.2421875     60.8815956541524
       385                 3275     62.8131607442206
       386         3276.7578125     64.3566409122966
       387          3278.515625     65.7948930161774
       388         3280.2734375     66.7450961543685
       389           3282.03125     67.1806488659207
       390         3283.7890625     66.9621936510686
       391          3285.546875     65.5862166436297
       392         3287.3046875     65.0144668075766
       393            3289.0625     66.3610320410722
       394         3290.8203125     68.2732488295719
       395          3292.578125     69.5572608797752
       396         3294.3359375     70.2563614068761
       397           3296.09375     71.0719050772686
       398         3297.8515625     71.3601993508938
       399          3299.609375     70.2785232930488
       400         3301.3671875     69.2848731739936
       401             3303.125     69.2448777416846
       402         3304.8828125     68.8223035070215
       403          3306.640625     67.2687827678407
       404         3308.3984375     65.1654483376892
       405           3310.15625     64.0807329541497
       406         3311.9140625     63.4092350006596
       407          3313.671875     62.0060185683205
       408         3315.4296875     61.5714833274797
       409            3317.1875      61.668015452282
       410         3318.9453125     60.6481531938682
       411          3320.703125     58.6096260863023
       412         3322.4609375     55.8070733510897
       413           3324.21875     53.5064412079873
       414         3325.9765625     53.1055184883361
       415          3327.734375     52.9147967114949
       416         3329.4921875     52.1463151510217
       417              3331.25     51.6697920673791
       418         3333.0078125     50.9928272535708
       419          3334.765625     50.6815662777119
       420         3336.5234375     50.9202236843438
       421           3338.28125     50.5868629829022
       422         3340.0390625     49.0152469687848
       423          3341.796875     46.7838159205044
       424         3343.5546875     44.8727801832165
       425            3345.3125     43.0266073858842
       426         3347.0703125     40.3884563250241
       427          3348.828125     37.3790625904765
       428         3350.5859375     35.4757085934799
       429           3352.34375     34.5952103780516
       430         3354.1015625      33.355780557384
       431          3355.859375      31.024925281057
       432         3357.6171875     28.5962161494857
       433             3359.375     26.6129072755812
       434         3361.1328125     23.9973826695144
       435          3362.890625     21.3204728449272
       436         3364.6484375     19.3429972516613
       437           3366.40625      17.467707125286
       438         3368.1640625     15.3877974227691
       439          3369.921875      11.958924396623
       440         3371.6796875     7.81795928004691
       441            3373.4375     4.91930954416268
       442         3375.1953125     2.47596977264983
       443          3376.953125   -0.390814481787415
       444         3378.7109375    -3.10629985994156
       445           3380.46875    -4.01177681775674
       446         3382.2265625    -3.41793379934108
       447          3383.984375    -4.08357557092261
       448         3385.7421875    -6.62769728863407
       449               3387.5    -9.87086718768632
       450         3389.2578125    -12.2023048105942
       451          3391.015625    -13.6127187849439
       452         3392.7734375    -15.6297775876582
       453           3394.53125    -17.3949878522011
       454         3396.2890625    -18.8397275587214
       455          3398.046875    -20.6424730048497
       456         3399.8046875     -21.499854023984
       457            3401.5625    -22.3093321294276
       458         3403.3203125    -25.0006861121861
       459          3405.078125    -27.9344107789321
       460         3406.8359375    -28.4738959971176
       461           3408.59375    -27.0810374820537
       462         3410.3515625    -27.4416179787354
       463          3412.109375    -30.8990652466637
       464         3413.8671875    -33.6982416803512
       465             3415.625    -34.9534210315821
       466         3417.3828125       -37.7935809238
       467          3419.140625    -41.6460521985407
       468         3420.8984375    -45.1867128669417
       469           3422.65625    -49.5786301005478
       470         3424.4140625    -53.0565085729561
       471          3426.171875    -55.0923169726081
       472         3427.9296875      -57.20950012791
       473            3429.6875    -59.6132534183645
       474         3431.4453125    -62.7816801152465
       475          3433.203125    -65.1249446083218
       476         3434.9609375    -66.2622576659088
       477           3436.71875    -67.9265256753629
       478         3438.4765625    -69.2359057895436
       479          3440.234375     -70.262213119667
       480         3441.9921875    -72.3354749106541
       481              3443.75    -73.2576207214439
       482         3445.5078125    -72.1943834575861
       483          3447.265625    -71.3582580886532
       484         3449.0234375     -71.001397412547
       485           3450.78125     -71.416502561569
       486         3452.5390625    -73.1756767056531
       487          3454.296875    -73.8373827303988
       488         3456.0546875     -72.157015128111
       489            3457.8125    -70.1402016961471
       490         3459.5703125    -69.1274290166137
       491          3461.328125    -68.0166290865057
       492         3463.0859375    -66.0997404389191
       493           3464.84375    -65.3686337511411
       494         3466.6015625    -64.9010552492516
       495          3468.359375    -61.6603881318531
       496         3470.1171875    -57.6879142021354
       497             3471.875    -54.5663304173025
       498         3473.6328125    -50.4744558088487
       499          3475.390625    -45.3430434794122
       500         3477.1484375    -39.5085654315489
       501           3478.90625    -34.3621102393101
       502         3480.6640625      -30.57105362758
       503          3482.421875     -26.788944869213
       504         3484.1796875    -23.0964945830283
       505            3485.9375    -20.4511656098176
       506         3487.6953125    -18.6559677679705
       507          3489.453125    -17.1057382684546
       508         3491.2109375    -16.2425435983417
       509           3492.96875    -16.7550380339874
       510         3494.7265625    -18.0109927567894
       511          3496.484375    -17.4420728633905
       512         3498.2421875    -14.9494102994449
       513                 3500    -11.6755428837174
       514         3501.7578125    -8.35133193323567
       515          3503.515625    -7.02130141670446
       516         3505.2734375    -7.27305180657569
       517           3507.03125    -8.26625698667023
       518         3508.7890625    -10.9728664868813
       519          3510.546875    -17.0431327394023
       520         3512.3046875    -27.7351206554882
       521            3514.0625    -39.2744653776537
       522         3515.8203125     -48.033232769009
       523          3517.578125    -54.3547324970205
       524         3519.3359375    -57.7742650766028
       525           3521.09375    -58.8090655062986
       526         3522.8515625    -59.2247889896116
       527          3524.609375    -60.0677094925246
       528         3526.3671875    -61.1125243204452
       529             3528.125    -61.3961172904934
       530         3529.8828125    -61.0494869388723
       531          3531.640625    -60.3298079848411
       532         3533.3984375    -57.2873022854347
       533           3535.15625    -52.5590897162127
       534         3536.9140625    -49.0935582999625
       535          3538.671875    -45.0826396810782
       536         3540.4296875    -40.1457409244784
       537            3542.1875    -36.3910122702419
       538         3543.9453125    -33.6005906649272
       539          3545.703125    -31.6810552848468
       540         3547.4609375    -30.5536519339643
       541           3549.21875    -30.0427213279009
       542         3550.9765625     -29.911876557368
       543          3552.734375    -31.0553369701541
       544         3554.4921875    -34.3263220974674
       545              3556.25    -38.2248085669259
       546         3558.0078125    -40.4669475947521
       547          3559.765625    -40.4451128695799
       548         3561.5234375    -40.7705497315898
       549           3563.28125    -42.4674455076219
       550         3565.0390625    -43.9045819924911
       551          3566.796875    -44.6846319659413
       552         3568.5546875    -45.5306964860689
       553            3570.3125    -45.6859769117278
       554         3572.0703125    -43.3718035748155
       555          3573.828125    -40.3070345693263
       556         3575.5859375    -38.7996402596035
       557           3577.34375    -37.6055451387728
       558         3579.1015625    -36.6157555195233
       559          3580.859375    -37.0874268055288
       560         3582.6171875    -37.6629226350374
       561             3584.375    -36.4464268005036
       562         3586.1328125    -33.1733511143972
       563          3587.890625    -29.3220445328182
       564         3589.6484375    -27.6738303136579
       565           3591.40625    -28.2770792108374
       566         3593.1640625    -26.9956615473679
       567          3594.921875    -23.3624699332005
       568         3596.6796875    -20.5471939066792
       569            3598.4375    -17.7264902791599
       570         3600.1953125    -13.8422156835623
       571          3601.953125    -10.5997818967611
       572         3603.7109375    -7.86784359189274
       573           3605.46875    -4.33384392146165
       574         3607.2265625    -1.21180865444802
       575          3608.984375     2.17330658788354
       576         3610.7421875     6.48902148125732
       577               3612.5      9.4821716721309
       578         3614.2578125     12.6075374381294
       579          3616.015625     16.7103294091692
       580         3617.7734375     20.4777191941245
       581           3619.53125     24.2538736222827
       582         3621.2890625     27.0781825640273
       583          3623.046875     28.3944952198082
       584         3624.8046875     29.3362674190169
       585            3626.5625     29.1271003049685
       586         3628.3203125     26.0503768365217
       587          3630.078125     20.9369779917717
       588         3631.8359375     16.4114024030285
       589           3633.59375     13.3727146724977
       590         3635.3515625      9.6300124566389
       591          3637.109375     3.56750973465937
       592         3638.8671875      -2.214805763287
       593             3640.625     -4.5812757861265
       594         3642.3828125     -5.8272717280738
       595          3644.140625    -8.39708212754314
       596         3645.8984375    -11.2297892921701
       597           3647.65625    -13.9675870505572
       598         3649.4140625    -16.3147578459782
       599          3651.171875    -18.9103518038956
       600         3652.9296875    -22.8725757794681
       601            3654.6875     -26.864869122595
       602         3656.4453125    -29.5013811068427
       603          3658.203125    -30.9509039071901
       604         3659.9609375    -31.7851350139302
       605           3661.71875    -32.2845920837067
       606         3663.4765625    -32.2356978721846
       607          3665.234375    -33.8067544409912
       608         3666.9921875    -37.8628605372622
       609              3668.75    -40.2439710148733
       610         3670.5078125    -40.8349579177547
       611          3672.265625    -42.0413215761036
       612         3674.0234375    -43.0341210765575
       613           3675.78125    -43.6687545285133
       614         3677.5390625    -44.6338369490064
       615          3679.296875    -45.8282068850776
       616         3681.0546875    -46.6839062966694
       617            3682.8125    -47.5212945070641
       618         3684.5703125     -48.599496115084
       619          3686.328125     -49.481790444405
       620         3688.0859375    -51.0833286036266
       621           3689.84375    -52.4259024729163
       622         3691.6015625     -52.077165204452
       623          3693.359375    -52.8224117906709
       624         3695.1171875    -55.7091037919875
       625             3696.875    -57.5688930301599
       626         3698.6328125    -57.1933449177061
       627          3700.390625    -57.5881235537683
       628         3702.1484375    -59.2394261727732
       629           3703.90625    -60.6590628157266
       630         3705.6640625    -61.9093609248302
       631          3707.421875    -62.3231148989203
       632         3709.1796875    -62.2702358664123
       633            3710.9375      -61.80749280411
       634         3712.6953125    -60.5085033233046
       635          3714.453125    -59.0203787965102
       636         3716.2109375    -57.2484192005274
       637           3717.96875    -55.8876977105409
       638         3719.7265625    -55.6277584808276
       639          3721.484375    -54.9125060151329
       640         3723.2421875    -53.2400426226168
       641                 3725    -50.6440626147188
       642         3726.7578125    -47.6415261747414
       643          3728.515625    -46.0461026546189
       644         3730.2734375    -45.6909399441052
       645           3732.03125    -45.4728315199135
       646         3733.7890625    -45.0916071641014
       647          3735.546875    -44.4426833196445
       648         3737.3046875    -43.3313304874458
       649            3739.0625    -41.5110361252516
       650         3740.8203125    -39.2093210792376
       651          3742.578125    -37.4907705165835
       652         3744.3359375      -36.22021132672
       653           3746.09375    -34.8514613057817
       654         3747.8515625    -34.4846516636508
       655          3749.609375    -34.4368796143604
       656         3751.3671875    -33.9036857022142
       657             3753.125     -33.117586521865
       658         3754.8828125    -31.4970370369054
       659          3756.640625    -31.0901501722154
       660         3758.3984375    -31.9593188021971
       661           3760.15625     -30.978653703251
       662         3761.9140625    -28.5361547355094
       663          3763.671875     -26.021932261632
       664         3765.4296875    -24.0126337178492
       665            3767.1875    -23.4064174703953
       666         3768.9453125    -23.8230929922197
       667          3770.703125    -23.8313309062119
       668         3772.4609375    -23.2891793258724
       669           3774.21875    -22.9197589389577
       670         3775.9765625    -22.4581838414271
       671          3777.734375    -21.5964810254764
       672         3779.4921875    -21.1088213813774
       673              3781.25    -20.3964283028269
       674         3783.0078125    -18.4850883058085
       675          3784.765625    -18.1523557534879
       676         3786.5234375    -20.5000827226097
       677           3788.28125    -21.4648281672723
       678         3790.0390625    -21.2795405346491
       679          3791.796875    -22.6116746964134
       680         3793.5546875    -23.2916788359161
       681            3795.3125    -23.1820373698244
       682         3797.0703125    -23.6912209361453
       683          3798.828125    -23.1526354107111
       684         3800.5859375    -22.1047485409959
       685           3802.34375    -22.5032142815335
       686         3804.1015625    -22.8997595869982
       687          3805.859375    -22.3905138600873
       688         3807.6171875    -21.2646448942971
       689             3809.375    -19.7843918611744
       690         3811.1328125    -18.9803675296088
       691          3812.890625    -19.0596942573958
       692         3814.6484375    -18.9962348381322
       693           3816.40625    -17.9897698226881
       694         3818.1640625    -17.3616403314219
       695          3819.921875    -18.7208863252962
       696         3821.6796875    -20.2911544360917
       697            3823.4375    -19.3156421229032
       698         3825.1953125    -17.7931264317382
       699          3826.953125    -17.4463554008868
       700         3828.7109375    -17.6723713064601
       701           3830.46875    -18.2561377660609
       702         3832.2265625    -18.6971278934412
       703          3833.984375    -18.7389652421829
       704         3835.7421875    -17.5987666245716
       705               3837.5      -16.38375610098
       706         3839.2578125    -16.0396383458425
       707          3841.015625    -15.6152745405068
       708         3842.7734375    -15.5982196375516
       709           3844.53125    -16.0951968269445
       710         3846.2890625     -15.711044380178
       711          3848.046875    -14.5589043860491
       712         3849.8046875    -13.9574548743722
       713            3851.5625     -14.014959963427
       714         3853.3203125    -13.9390978706352
       715          3855.078125    -13.3187155518604
       716         3856.8359375    -13.8005484585409
       717           3858.59375    -16.3930442017837
       718         3860.3515625    -17.4884642932589
       719          3862.109375    -15.6553648495059
       720         3863.8671875    -13.3404979312725
       721             3865.625    -12.2253762043482
       722         3867.3828125    -13.6273363384455
       723          3869.140625     -15.304779121389
       724         3870.8984375    -15.2564639848377
       725           3872.65625    -15.6366675983283
       726         3874.4140625    -16.3241375518621
       727          3876.171875    -15.3626408159343
       728         3877.9296875    -13.4482418635614
       729            3879.6875    -12.8115080379825
       730         3881.4453125    -12.6969526136636
       731          3883.203125    -10.9460392848417
       732         3884.9609375    -9.56151683207017
       733           3886.71875    -9.90968811200356
       734         3888.4765625    -10.5744072895637
       735          3890.234375     -11.329400001987
       736         3891.9921875    -11.8831396249635
       737              3893.75    -11.6313041732322
       738         3895.5078125    -10.8988921130622
       739          3897.265625    -10.3563675691822
       740         3899.0234375      -10.07002644673
       741           3900.78125     -10.071413609372
       742         3902.5390625    -9.47199903911817
       743          3904.296875    -8.06595593573487
       744         3906.0546875    -7.38623315469258
       745            3907.8125    -7.77352307545366
       746         3909.5703125    -8.38029876821839
       747          3911.328125    -8.79069934205355
       748         3913.0859375    -9.59496577275949
       749           3914.84375    -10.4030534439511
       750         3916.6015625    -9.87840824874744
       751          3918.359375    -7.95709638443435
       752         3920.1171875    -6.32263274212424
       753             3921.875    -6.12820095953754
       754         3923.6328125    -6.48245743407991
       755          3925.390625    -7.37745215343963
       756         3927.1484375    -8.17927141986196
       757           3928.90625    -6.84352867226233
       758         3930.6640625    -5.02660733998317
       759          3932.421875    -4.47584815372104
       760         3934.1796875    -4.82340764258354
       761            3935.9375    -4.98405678026042
       762         3937.6953125    -4.52665298548596
       763          3939.453125    -4.47770969981379
       764         3941.2109375    -4.24380267090888
       765           3942.96875    -3.88157655439475
       766         3944.7265625    -3.62392418007483
       767          3946.484375    -3.48451106293925
       768         3948.2421875    -3.14210435983436
       769                 3950    -2.80114370835159
       770         3951.7578125    -3.26831325899046
       771          3953.515625    -3.51157709250917
       772         3955.2734375    -2.77665243585547
       773           3957.03125    -1.52740451356338
       774         3958.7890625    -1.63512554458223
       775          3960.546875    -3.10496177144959
       776         3962.3046875    -4.37317521693964
       777            3964.0625    -4.83968063074753
       778         3965.8203125      -4.152331726784
       779          3967.578125    -2.68493284937023
       780         3969.3359375    -1.85958743540321
       781           3971.09375    -1.31403010904875
       782         3972.8515625   -0.536813349862698
       783          3974.609375   -0.894734027610473
       784         3976.3671875    -1.19262066176972
       785             3978.125    -1.30003088983811
       786         3979.8828125    -2.26169447787614
       787          3981.640625    -2.91082116215332
       788         3983.3984375    -2.78085318310167
       789           3985.15625    -3.10194207541513
       790         3986.9140625    -3.89922361876077
       791          3988.671875    -2.48535155263593
       792         3990.4296875    0.680304090572014
       793            3992.1875     2.40283620260199
       794         3993.9453125     2.23464273225398
       795          3995.703125    0.942180113408166
       796         3997.4609375    0.317462911376983
       797           3999.21875     1.70996482095031
       798         4000.9765625     3.34026370372428
       799          4002.734375     4.35215632016638
       800         4004.4921875     5.60328214660124
       801              4006.25     5.45977297373963
       802         4008.0078125     3.35582020929722
       803          4009.765625     2.90701420561543
       804         4011.5234375     4.13422129130502
       805           4013.28125     4.20190763069483
       806         4015.0390625     4.53036091712915
       807          4016.796875     6.21067290204688
       808         4018.5546875     6.14854829966527
       809            4020.3125     4.46041389522601
       810         4022.0703125     3.76111707152486
       811          4023.828125     3.99994787348703
       812         4025.5859375     5.11946337264782
       813           4027.34375     6.27396874081021
       814         4029.1015625     7.12820901433984
       815          4030.859375     8.07270319307255
       816         4032.6171875     8.67588665805198
       817             4034.375     9.39006603566508
       818         4036.1328125     10.1258674838001
       819          4037.890625     10.3133798112266
       820         4039.6484375     10.2387969179466
       821           4041.40625     9.62894591177732
       822         4043.1640625     8.84886649383705
       823          4044.921875     10.0433836523584
       824         4046.6796875     12.9414510416618
       825            4048.4375     14.7668393006335
       826         4050.1953125      15.475882250539
       827          4051.953125     16.3712270321692
       828         4053.7109375      16.055029196813
       829           4055.46875     14.4561214120353
       830         4057.2265625     13.4601124621666
       831          4058.984375     11.9649245293719
       832         4060.7421875     9.87390443927853
       833               4062.5     9.54664201888596
       834         4064.2578125      11.361479335592
       835          4066.015625     13.5251291677925
       836         4067.7734375     14.7249430629117
       837           4069.53125      14.896718946215
       838         4071.2890625     14.5117256956773
       839          4073.046875      13.721458484182
       840         4074.8046875     12.0157620772368
       841            4076.5625     11.5165634646507
       842         4078.3203125     13.5059542615542
       843          4080.078125     15.1691786274167
       844         4081.8359375      15.621691365234
       845           4083.59375      15.611552645829
       846         4085.3515625     15.5971968211279
       847          4087.109375     15.4651153820131
       848         4088.8671875     14.6984920960227
       849             4090.625     13.9443598170307
       850         4092.3828125     13.6757475491946
       851          4094.140625     14.8230063011963
       852         4095.8984375      16.947530949349
       853           4097.65625      18.036633561905
       854         4099.4140625     18.8520594543374
       855          4101.171875     19.6729031329377
       856         4102.9296875     19.3701156269913
       857            4104.6875       19.88469734982
       858         4106.4453125     20.0112366815866
       859          4108.203125      18.720943140174
       860         4109.9609375     19.4279446054365
       861           4111.71875     20.4215096626316
       862         4113.4765625      19.481841108656
       863          4115.234375     18.3740052572124
       864         4116.9921875     17.9085925611462
       865              4118.75     17.9683452462743
       866         4120.5078125     18.9574870867428
       867          4122.265625     20.6681759705553
       868         4124.0234375     21.2036567380949
       869           4125.78125     21.2180060195761
       870         4127.5390625     21.9592906860792
       871          4129.296875     23.2560456572513
       872         4131.0546875     24.3754302920119
       873            4132.8125      24.454184488048
       874         4134.5703125     24.9319704131526
       875          4136.328125      25.429389269896
       876         4138.0859375     25.7564586652983
       877           4139.84375     26.6322457623197
       878         4141.6015625     27.2769819459704
       879          4143.359375     27.0053336240498
       880         4145.1171875     26.0087554140403
       881             4146.875      25.830825632318
       882         4148.6328125     25.9873394549488
       883          4150.390625     25.5311559707061
       884         4152.1484375     25.8232943860869
       885           4153.90625     25.5450733996666
       886         4155.6640625     24.3189524884986
       887          4157.421875     24.8309267381536
       888         4159.1796875      26.153000699153
       889            4160.9375     25.9260065821883
       890         4162.6953125      24.982474256797
       891          4164.453125     24.7572500808449
       892         4166.2109375     24.8293825382313
       893           4167.96875     26.0106529478431
       894         4169.7265625     28.3148675039008
       895          4171.484375     29.5153978816111
       896         4173.2421875     28.8881451818262
       897                 4175     27.5982834929342
       898         4176.7578125     27.4331162618406
       899          4178.515625     27.9773780306332
       900         4180.2734375     27.3870781658528
       901           4182.03125     26.8341499021574
       902         4183.7890625       27.46657501736
       903          4185.546875     27.8438374534563
       904         4187.3046875      27.923651651134
       905            4189.0625     28.3098717554235
       906         4190.8203125     28.0757291705982
       907          4192.578125     27.7279177677653
       908         4194.3359375     29.6335946078654
       909           4196.09375     32.5733553950702
       910         4197.8515625     33.2073606979051
       911          4199.609375      32.648465017561
       912         4201.3671875     31.8241959632856
       913             4203.125     30.5748597075233
       914         4204.8828125     31.0389539447577
       915          4206.640625      32.821425223686
       916         4208.3984375      33.861012018819
       917           4210.15625     34.4855427390799
       918         4211.9140625     35.0151673247108
       919          4213.671875     34.6137211474589
       920         4215.4296875     33.7147972244834
       921            4217.1875     33.8422558786613
       922         4218.9453125     36.3567891554891
       923          4220.703125     38.2157506763303
       924         4222.4609375     36.9994674964468
       925           4224.21875      36.547923155191
       926         4225.9765625     36.8739848947118
       927          4227.734375     35.8997746823052
       928         4229.4921875     35.9668132429141
       929              4231.25     37.4822818861287
       930         4233.0078125     38.2206122887974
       931          4234.765625     37.8043260885636
       932         4236.5234375     37.6757878030841
       933           4238.28125     37.8251335281943
       934         4240.0390625     37.6382657079387
       935          4241.796875     37.9118639094222
       936         4243.5546875     37.4091679457409
       937            4245.3125     36.8750285383033
       938         4247.0703125     38.5339507370095
       939          4248.828125     39.5401082211131
       940         4250.5859375     38.6383936148035
       941           4252.34375     38.7773127188283
       942         4254.1015625     39.9405598289236
       943          4255.859375     40.7889799082547
       944         4257.6171875     41.7750889662487
       945             4259.375     41.5572946166176
       946         4261.1328125     40.1511500933241
       947          4262.890625     39.6320633635187
       948         4264.6484375      39.195483366425
       949           4266.40625      38.971705242095
       950         4268.1640625     39.4582165510824
       951          4269.921875     38.9331754910682
       952         4271.6796875     38.4883837528623
       953            4273.4375     39.7569767051129
       954         4275.1953125     41.6299734328748
       955          4276.953125     43.0118131654424
       956         4278.7109375      43.057020272489
       957           4280.46875     42.9728352038449
       958         4282.2265625     43.5610575962723
       959          4283.984375     43.7952721565176
       960         4285.7421875     43.8570728695087
       961               4287.5     43.6209771335106
       962         4289.2578125     44.4797158707969
       963          4291.015625     46.4931071986957
       964         4292.7734375     46.8194175805769
       965           4294.53125     45.9108751241872
       966         4296.2890625     46.4042437277447
       967          4298.046875      47.633963409918
       968         4299.8046875     46.7556898892929
       969            4301.5625     45.5916543211865
       970         4303.3203125     45.8528498491416
       971          4305.078125     44.9585061801729
       972         4306.8359375     43.7780373150122
       973           4308.59375     44.2118266287718
       974         4310.3515625     45.0660145565414
       975          4312.109375     44.7208400713724
       976         4313.8671875     43.4866121106125
       977             4315.625     43.2077662466813
       978         4317.3828125     43.6127326762984
       979          4319.140625      44.629002706927
       980         4320.8984375     46.7406961006408
       981           4322.65625     48.9427938936179
       982         4324.4140625     50.2424900421844
       983          4326.171875     49.8847656610369
       984         4327.9296875       48.82892877901
       985            4329.6875     47.8887727551437
       986         4331.4453125     47.5397933875391
       987          4333.203125     47.5065211137901
       988         4334.9609375     46.6529842364115
       989           4336.71875     46.5268734855555
       990         4338.4765625     47.9312513394464
       991          4340.234375     49.5879030408092
       992         4341.9921875     50.5086453309069
       993              4343.75     50.4430855380202
       994         4345.5078125      49.816310493296
       995          4347.265625      48.607129978733
       996         4349.0234375     47.9737659114591
       997           4350.78125     49.5245843007758
       998         4352.5390625     52.4227138506693
       999          4354.296875     53.9736532895563
      1000         4356.0546875     53.8296304739239
      1001            4357.8125     53.9869752854959
      1002         4359.5703125     54.3378718165633
      1003          4361.328125     54.8017730288074
      1004         4363.0859375     55.3958090722133
      1005           4364.84375      54.988709552873
      1006         4366.6015625     53.8064118577197
      1007          4368.359375      54.644840440096
      1008         4370.1171875     57.7576072359659
      1009             4371.875     59.7235471323548
      1010         4373.6328125     59.4027723146018
      1011          4375.390625     57.5739488651251
      1012         4377.1484375     56.3395311509849
      1013           4378.90625      56.670591910593
      1014         4380.6640625     57.5280841644675
      1015          4382.421875     58.6156294906611
      1016         4384.1796875      58.970936152015
      1017            4385.9375     58.0411773047441
      1018         4387.6953125     56.1681642189322
      1019          4389.453125     55.1192402488455
      1020         4391.2109375     56.5872018431801
      1021           4392.96875     57.9857485975057
      1022         4394.7265625     58.2097299251682
      1023          4396.484375     58.7652044708132
      1024         4398.2421875     59.2937610979239
